UDP server up and listening
9
9
10
10
10
10
9
9
9
8
8
8
10
14
20
28
33
38
43
46
46
49
52
52
48
42
38
36
30
28
24
21
19
17
15
14
12
10
10
9
9
8
8
8
8
7
7
7
7
7
7
7
8
9
10
13
12
13
14
15
15
14
13
12
10
10
9
9
8
10
10
12
12
10
9
9
9
12
10
10
10
9
9
9
10
13
14
13
12
10
10
9
9
8
8
8
8
8
7
7
7
7
7
7
7
7
7
8
8
8
8
8
8
8
8
8
8
8
8
8
8
7
7
7
7
7
9
9
9
9
8
9
12
13
12
10
9
9
8
8
8
8
7
7
7
7
7
7
7
7
7
8
8
8
7
7
7
7
7
7
7
7
8
8
7
7
7
7
7
8
9
9
8
8
8
8
8
8
7
7
7
7
7
7
7
7
7
7
6
6
7
7
10
12
12
12
14
15
18
18
21
22
21
21
24
27
28
31
36
36
37
37
37
38
40
39
38
37
37
38
38
40
39
38
38
37
38
38
33
31
30
29
28
24
24
24
22
22
22
28
31
29
26
24
22
21
21
22
24
27
29
33
33
32
32
32
36
37
40
42
41
42
41
38
33
32
32
32
29
27
24
26
24
29
33
30
28
28
29
30
31
31
33
33
32
31
31
31
30
31
32
31
29
27
27
30
28
29
29
30
29
29
30
30
30
30
31
43
49
51
50
48
45
43
41
38
32
29
27
22
21
19
18
18
19
18
17
14
14
12
12
10
10
10
9
9
9
10
12
10
15
14
14
14
14
13
12
10
10
13
12
12
10
9
9
8
8
8
7
7
7
7
7
7
7
7
7
7
7
7
7
5
7
7
7
7
7
7
6
6
5
6
5
5
5
5
5
5
5
6
5
5
7
6
6
5
5
5
5
7
7
7
9
8
9
9
8
8
9
9
8
8
8
8
8
7
7
7
7
7
7
7
7
7
7
7
7
7
7
7
7
5
5
5
6
7
7
8
7
8
8
8
7
7
7
7
7
7
8
8
8
8
8
8
7
7
7
8
8
8
9
8
8
8
7
7
7
7
7
7
7
7
7
7
7
7
7
7
7
7
7
7
8
8
7
7
7
7
7
7
8
8
9
9
9
10
14
13
14
18
17
17
14
14
14
14
14
14
12
10
14
14
13
12
14
14
12
12
12
14
15
14
12
12
12
15
18
18
18
18
17
16
15
18
17
15
14
12
12
12
10
10
9
9
10
12
12
12
10
10
9
9
10
12
18
18
17
17
15
14
14
14
15
17
15
13
12
14
14
12
12
10
12
10
14
13
12
10
9
9
8
9
9
9
8
8
8
8
8
7
7
7
7
7
7
7
7
7
6
6
5
6
6
5
7
8
8
10
10
10
10
10
10
9
9
8
8
8
9
9
8
8
8
8
10
12
12
12
10
13
17
21
22
28
28
24
21
21
22
25
28
36
42
42
37
32
29
27
24
21
21
20
18
19
19
20
18
18
16
15
16
15
13
12
10
10
9
10
9
9
9
8
9
9
8
9
8
8
8
8
8
7
7
7
8
8
7
7
7
7
8
8
8
8
7
7
8
8
8
7
7
7
7
7
7
7
7
7
7
7
7
7
7
7
7
7
7
7
7
7
9
10
10
9
9
9
8
9
9
9
9
9
8
9
8
8
8
9
12
12
12
10
9
9
12
10
9
9
9
8
8
8
8
7
7
7
8
7
7
7
7
7
7
8
7
7
8
9
9
9
10
10
9
9
9
14
14
18
21
26
27
27
28
31
36
41
45
50
51
56
58
64
69
75
79
80
80
81
87
89
90
90
94
98
101
106
110
114
118
123
127
127
128
132
132
127
125
120
114
106
108
106
106
102
99
99
100
99
98
96
97
93
91
89
87
86
86
86
86
89
86
88
82
86
81
79
78
78
77
75
78
81
87
89
93
93
99
101
99
99
102
103
102
100
103
99
96
96
97
94
94
93
93
96
97
98
94
93
92
90
88
86
86
81
78
78
78
77
76
74
72
68
65
60
55
50
43
40
36
31
31
29
30
29
28
28
27
24
21
19
17
15
14
13
12
10
9
9
8
8
8
8
7
7
7
7
7
7
7
7
7
6
6
6
6
6
6
6
5
6
6
6
6
6
7
7
6
6
7
8
8
7
7
7
7
7
7
7
7
7
7
6
6
5
5
5
5
6
7
8
7
7
7
7
7
7
7
7
5
6
5
5
5
7
7
7
7
7
9
9
10
9
9
9
8
8
8
7
7
7
7
7
7
7
7
6
7
6
7
5
7
6
5
6
7
7
7
7
7
7
7
7
7
7
8
8
8
8
8
8
8
8
7
7
7
7
7
7
7
7
7
7
7
7
6
7
7
6
7
7
7
7
7
7
7
7
7
8
8
7
7
7
7
7
7
7
7
7
8
8
12
10
10
10
10
12
15
19
18
15
18
27
27
27
30
39
42
45
50
54
58
62
67
69
74
74
79
88
96
102
108
110
112
120
128
134
137
144
149
151
151
157
163
168
171
173
175
177
176
171
171
177
176
175
175
172
163
163
164
161
158
157
153
148
142
142
150
153
157
157
158
160
162
160
151
160
162
160
157
151
148
142
135
127
123
116
114
111
109
108
106
104
104
102
99
102
103
105
106
108
100
104
108
108
106
104
103
102
99
97
97
96
96
93
88
85
87
86
84
79
70
68
76
84
85
84
84
75
68
78
85
88
97
108
116
128
132
134
149
161
168
169
163
157
149
151
157
154
153
147
137
128
126
126
129
126
126
124
121
114
109
115
118
125
125
126
125
118
122
127
130
130
132
127
124
124
123
122
126
135
137
134
123
127
124
128
138
149
153
149
142
129
124
148
159
162
171
170
159
162
166
176
176
180
175
172
172
172
177
180
175
170
157
151
138
127
127
130
127
117
122
104
94
88
84
73
75
78
70
76
69
67
62
61
58
52
48
44
38
43
42
41
36
30
28
37
44
56
62
72
62
61
65
81
92
104
98
89
97
100
103
106
120
136
137
126
125
126
128
135
147
138
134
147
157
166
181
194
182
188
204
205
193
185
109
42
3
2
2
2
2
2
2
2
2
2
2
2
2
2
2
2
2
2
2
2
2
2
2
2
2
2
2
2
2
2
1004
1004
1004
1004
1004
1004
1004
1003
1000
565
30
868
754
656
562
490
445
398
361
313
319
367
406
428
411
367
315
276
256
82
340
289
253
233
204
100
190
173
158
137
121
38
124
133
160
120
154
68
3
2
2
2
2
2
2
2
2
2
2
2
2
2
2
2
2
2
2
1004
1004
1001
265
7
1001
1001
999
999
1001
940
813
704
608
523
460
394
340
291
249
221
192
137
20
2
2
2
2
2
2
2
2
2
2
2
2
2
2
2
2
2
2
2
2
2
2
2
2
2
2
2
2
2
2
2
2
2
2
2
2
2
2
2
2
2
2
2
2
2
2
2
2
2
2
1001
1001
1001
1001
1001
1001
1001
1001
1001
1001
952
846
757
678
608
554
508
470
438
406
384
247
4
2
2
2
2
2
2
2
2
2
2
2
2
2
2
2
2
2
2
2
2
2
2
2
2
2
2
2
2
2
2
2
2
2
2
2
2
2
2
2
2
2
2
2
2
2
2
2
2
2
2
1004
1003
1004
1004
989
842
722
618
533
466
405
357
315
277
247
221
196
173
154
136
120
105
94
87
78
70
67
60
51
49
49
42
2
2
2
2
2
2
2
2
2
2
2
2
2
2
2
2
2
2
2
2
2
2
2
2
2
2
2
2
2
2
2
2
2
2
2
2
2
2
2
2
2
1003
1004
1004
1003
1003
1003
1003
1003
938
801
682
582
499
426
363
309
264
225
192
166
144
122
103
89
78
68
60
51
49
42
37
32
28
26
2
2
2
2
2
2
2
2
2
2
2
2
2
2
2
2
2
2
2
2
2
2
2
2
2
2
2
2
2
2
2
2
1001
1001
1001
1001
1001
1002
1001
1001
1004
903
772
654
562
483
412
353
302
257
220
189
162
138
128
126
123
125
134
147
150
152
150
144
139
135
133
126
124
124
124
124
120
120
118
116
115
116
117
116
108
93
81
78
78
77
33
3
2
2
2
2
2
2
2
2
2
2
2
2
2
2
2
2
2
2
2
2
2
2
2
2
2
2
2
2
2
2
2
2
2
2
1004
1004
1003
1003
1004
1003
1003
1003
1002
1002
914
798
702
615
542
475
406
372
340
308
367
384
393
637
758
138
3
2
2
2
2
2
2
2
2
2
2
2
2
2
2
2
2
2
2
2
2
2
2
2
2
2
2
2
2
2
2
2
2
2
2
2
2
2
2
2
2
2
2
2
2
2
2
2
2
2
2
2
2
2
2
2
2
2
2
2
2
1001
1001
1003
1001
1001
1001
1001
1003
1001
1001
1001
489
31
3
2
2
2
2
2
2
2
2
2
2
2
2
2
2
2
2
2
2
2
2
2
2
2
2
2
2
2
2
2
2
2
2
2
2
2
2
2
2
2
2
2
2
2
2
2
2
2
2
2
2
2
2
2
2
2
2
2
2
2
2
2
2
2
2
2
2
2
2
2
2
2
2
2
2
2
2
2
2
2
2
2
2
2
2
2
2
2
2
2
2
2
2
2
2
2
2
2
2
2
2
2
2
2
2
2
2
2
2
2
2
2
2
2
2
2
2
2
2
2
2
2
2
2
2
2
2
2
2
2
2
2
2
2
2
2
2
2
2
2
2
2
2
2
2
2
2
2
2
2
2
2
2
2
2
2
2
2
2
2
2
2
2
2
2
2
2
2
2
2
2
2
2
2
2
2
2
2
2
2
2
2
2
2
2
2
2
2
2
2
2
2
2
2
2
2
2
2
2
2
2
2
2
2
2
2
2
2
2
2
2
2
2
2
2
2
2
2
2
2
2
2
2
2
2
2
2
2
2
2
2
2
2
2
2
2
2
2
2
2
2
2
2
2
2
2
2
2
2
2
2
2
2
2
2
2
2
2
2
2
2
2
2
2
2
2
2
2
2
2
2
2
2
2
2
2
2
2
2
2
2
2
2
2
2
2
2
2
2
2
2
2
2
2
2
2
2
2
2
2
2
2
2
2
2
2
2
2
2
2
2
2
2
2
2
2
2
2
2
2
2
2
2
2
2
2
2
2
2
2
2
2
2
2
2
2
2
2
2
2
2
2
2
2
2
2
2
2
2
2
2
2
2
2
2
2
2
2
2
2
2
2
2
2
2
2
2
2
2
2
2
2
2
2
2
2
2
2
2
2
2
2
2
2
2
2
2
2
2
2
2
2
2
2
2
2
2
2
2
2
2
2
2
2
2
2
2
2
2
2
2
2
2
2
2
2
2
2
2
2
2
2
2
2
2
2
2
2
2
2
2
2
2
2
2
2
2
2
2
2
2
2
2
2
2
2
2
2
2
2
2
2
2
2
2
2
2
2
2
2
2
2
2
2
2
2
2
2
2
2
2
2
2
2
2
2
2
2
2
2
2
2
2
2
2
2
2
2
2
2
2
2
2
2
2
2
2
2
2
2
2
2
2
2
2
2
2
2
2
2
2
2
2
2
2
2
2
2
2
2
2
2
2
2
2
2
2
2
2
2
2
2
2
2
2
2
2
2
2
2
2
2
2
2
2
2
2
2
2
2
2
2
2
2
2
2
2
2
2
2
2
2
2
2
2
2
2
2
2
2
2
2
2
2
2
2
2
2
2
2
2
2
2
2
2
2
2
2
2
2
2
2
2
2
2
2
2
2
2
2
2
2
2
2
2
2
2
2
2
2
2
2
2
2
2
2
2
2
2
2
2
2
2
2
2
2
2
2
2
2
2
2
2
2
2
2
2
2
2
2
2
2
2
2
2
2
2
2
2
2
2
2
2
2
2
2
2
2
2
2
2
2
2
2
2
2
2
2
2
2
2
2
2
2
2
2
2
2
2
2
2
2
2
2
2
2
2
2
2
2
2
2
2
2
2
2
2
2
2
2
2
2
2
2
2
2
2
2
2
2
2
2
2
2
2
2
2
2
2
2
2
2
2
2
2
2
2
2
2
2
2
2
2
2
2
2
2
2
2
2
2
2
2
2
2
2
2
2
2
2
2
2
2
2
2
2
2
2
2
2
2
2
2
2
2
2
2
2
2
2
2
2
2
2
2
2
2
2
2
2
2
2
2
2
2
2
2
2
2
2
2
2
2
2
2
2
2
2
2
2
2
2
2
2
2
2
2
2
2
2
2
2
2
2
2
2
2
2
2
2
2
2
2
2
2
2
2
2
2
2
2
2
2
2
2
2
2
2
2
2
2
2
2
2
2
2
2
2
2
2
2
2
2
2
2
2
2
2
2
2
2
2
2
2
2
2
2
2
2
2
2
2
2
2
2
2
2
2
2
2
2
2
2
2
2
2
2
2
2
2
2
2
2
2
2
2
2
2
2
2
2
2
2
2
2
2
2
2
2
2
2
2
2
2
2
2
2
2
2
2
2
2
2
2
2
2
2
2
2
2
2
2
2
2
2
2
2
2
2
2
2
2
2
2
2
2
2
2
2
2
2
2
2
2
2
2
2
2
2
2
2
2
2
2
2
2
2
2
2
2
2
2
2
2
2
2
2
2
2
2
2
2
2
2
2
2
2
2
2
2
2
2
2
2
2
2
2
2
2
2
2
2
2
2
2
2
2
2
2
2
2
2
2
2
2
2
2
2
2
2
2
2
2
2
2
2
2
2
2
2
2
2
2
2
2
2
2
2
2
2
2
2
2
2
2
2
2
2
2
2
2
2
2
2
2
2
2
2
2
2
2
2
2
2
2
2
2
2
2
2
2
2
2
2
2
2
2
2
2
2
2
2
2
2
2
2
2
2
2
2
2
2
2
2
2
2
2
2
2
2
2
2
2
2
2
2
2
2
2
2
2
2
2
2
2
2
2
2
2
2
2
2
2
2
2
2
2
2
2
2
2
2
2
2
2
2
2
2
2
2
2
2
2
2
2
2
2
2
2
2
2
2
2
2
2
2
2
2
2
2
2
2
2
2
2
2
2
2
2
2
2
2
2
2
2
2
2
2
2
2
2
2
2
2
2
2
2
2
2
2
2
2
2
2
2
2
2
2
2
2
2
2
2
2
2
2
2
2
2
2
2
2
2
2
2
2
2
2
2
2
2
2
2
2
2
2
2
2
2
2
2
2
2
2
2
2
2
2
2
2
2
2
2
2
2
2
2
2
2
2
2
2
2
2
2
2
2
2
2
2
2
2
2
2
2
2
2
2
2
2
2
2
2
2
2
2
2
2
2
2
2
2
2
2
2
2
2
2
2
2
2
2
2
2
2
2
2
2
2
2
2
2
2
2
2
2
2
2
2
2
2
2
2
2
2
2
2
2
2
2
2
2
2
2
2
2
2
2
2
2
2
2
2
2
2
2
2
2
2
2
2
2
2
2
2
2
2
2
2
2
2
2
2
2
2
2
2
2
2
2
2
2
2
2
2
2
2
2
2
2
2
2
2
2
2
2
2
2
2
2
2
2
2
2
2
2
2
2
2
2
2
2
187
235
364
554
786
1001
1002
1001
1001
1001
1001
1001
1001
1001
1001
1001
1001
1001
1001
1001
1001
1001
1001
1001
1001
1001
1001
1001
1001
1001
1001
992
914
991
1001
1000
999
994
313
9
2
2
2
2
565
52
1001
1001
1001
1000
1001
1001
1001
1001
1001
972
1001
1001
1001
1001
1001
1001
1001
987
945
906
869
833
795
756
717
676
640
607
572
537
508
482
458
434
414
397
382
368
356
344
337
327
318
309
303
301
301
298
298
296
291
286
279
268
259
248
236
225
216
207
196
184
171
160
148
133
120
112
108
104
103
98
97
99
102
100
97
97
102
110
118
127
133
135
133
127
120
109
98
88
76
67
58
51
46
42
40
37
32
30
27
27
27
29
31
28
70
32
4
2
272
236
296
294
290
281
270
260
162
14
614
982
1001
999
1000
1000
1001
1000
905
808
715
620
542
478
423
366
313
266
225
192
169
149
125
108
93
81
70
61
52
45
40
36
37
43
49
55
56
58
61
64
65
67
69
70
68
65
61
56
49
42
37
31
29
25
21
19
18
17
15
15
15
14
14
12
13
14
17
19
21
27
33
42
41
39
38
36
31
29
28
25
21
20
18
16
14
13
14
14
15
15
14
12
12
10
9
9
9
8
10
12
12
12
10
9
9
8
8
8
10
12
17
20
22
27
30
33
38
43
44
46
48
49
48
45
42
37
31
28
24
21
19
18
15
16
14
13
12
10
9
10
12
12
14
17
20
24
29
33
38
38
40
41
43
45
46
43
41
37
32
29
25
21
20
18
17
14
13
12
10
9
9
9
8
8
8
8
7
7
7
7
7
7
7
7
7
7
7
7
7
6
7
7
7
7
7
7
7
7
7
6
6
7
7
7
7
7
8
8
9
10
9
13
12
12
12
10
9
9
8
8
8
8
8
7
7
7
7
7
7
8
8
9
9
9
9
9
9
8
8
8
8
7
7
7
7
7
7
7
7
7
7
7
7
7
7
7
7
6
7
7
6
2
175
276
322
225
259
181
399
717
883
952
964
940
895
834
769
701
630
562
497
436
375
321
274
234
198
169
144
122
106
79
56
12
3
2
2
1001
1002
1001
1001
1001
1001
1001
945
818
694
591
504
433
375
330
293
265
240
221
204
195
188
186
181
178
177
176
175
172
169
168
164
162
161
158
154
151
149
147
146
142
138
137
136
135
133
128
124
122
116
114
110
108
106
104
103
99
99
99
97
94
90
89
88
84
80
76
72
75
74
31
3
2
2
2
2
2
2
2
2
2
2
2
2
2
2
2
2
2
2
2
2
2
2
2
2
2
2
2
2
2
2
2
2
2
2
2
2
2
2
2
2
2
2
2
2
2
2
2
2
2
2
2
2
2
2
2
2
2
2
2
2
2
2
2
2
2
2
2
2
2
2
2
2
2
2
2
2
2
2
2
2
2
2
1001
1001
1001
255
12
3
2
2
1001
1001
1001
930
812
703
606
528
461
411
390
396
434
495
568
641
701
730
738
725
701
658
602
541
471
402
344
298
265
248
229
200
177
176
182
171
149
127
121
122
120
116
120
133
146
170
188
204
213
220
237
257
282
284
297
303
308
310
330
328
326
297
283
293
256
255
257
265
249
242
228
220
213
207
192
180
176
170
171
181
169
159
159
171
190
236
266
257
244
235
262
284
267
238
207
177
151
126
108
94
90
79
68
58
51
45
39
33
31
29
31
33
34
38
37
42
43
49
56
53
51
55
52
52
51
49
49
48
43
48
48
49
42
44
42
41
38
33
31
29
30
33
34
30
31
30
29
27
27
24
21
20
19
21
24
21
27
36
36
50
65
78
128
190
181
209
223
190
220
290
382
356
328
366
437
522
624
734
797
762
664
566
489
439
448
508
580
652
736
824
845
813
769
770
741
663
564
485
415
365
328
298
277
257
240
228
217
205
192
177
160
145
127
117
108
94
85
74
65
57
48
42
37
31
29
27
22
26
45
65
81
102
100
94
81
69
60
51
50
62
75
80
80
72
63
54
50
50
56
62
88
149
154
130
115
123
125
147
151
128
110
98
99
108
112
121
127
126
114
99
88
86
84
84
76
75
68
60
53
46
41
36
31
28
25
21
21
21
21
24
29
37
54
68
78
85
88
78
76
69
64
56
49
44
41
43
43
49
55
56
55
50
48
42
45
43
42
43
46
49
56
62
72
84
96
108
114
123
124
125
126
123
117
109
108
103
102
102
104
105
99
98
93
96
97
98
98
94
96
94
97
103
116
124
126
124
122
113
106
108
104
96
90
86
84
84
88
102
190
245
284
301
291
270
230
196
168
145
130
117
112
102
97
97
103
103
99
94
89
84
77
70
68
65
64
64
62
60
64
68
72
72
67
65
62
61
60
57
56
52
50
48
46
49
48
53
48
44
42
40
37
37
38
38
40
40
41
41
41
42
43
43
45
44
43
42
42
40
39
36
32
31
30
29
31
31
29
28
27
24
27
28
30
28
25
22
26
27
26
27
28
27
29
30
33
38
33
33
32
32
33
37
42
42
50
44
45
55
50
44
39
48
96
122
115
111
113
111
113
116
176
205
201
176
154
159
182
202
283
277
247
220
195
169
163
189
169
149
128
144
133
211
235
214
201
188
166
142
126
110
97
85
75
87
112
124
144
154
133
113
98
84
76
93
89
81
84
70
61
52
45
40
40
33
30
29
26
22
21
28
28
27
25
22
21
19
21
22
22
29
37
49
61
69
79
82
84
74
102
123
134
146
138
142
126
109
104
93
78
68
66
64
78
74
72
62
62
60
65
67
64
61
54
49
43
38
32
29
27
24
21
21
19
20
19
18
17
17
17
19
20
18
17
15
15
14
12
12
12
12
10
10
14
15
19
19
21
24
25
24
21
19
18
18
17
18
15
14
13
14
17
17
15
14
13
12
12
12
10
10
9
12
17
18
18
18
22
28
37
43
48
52
60
63
66
65
67
68
72
78
87
84
77
75
78
80
77
76
70
67
65
69
73
69
65
67
67
67
68
72
72
72
67
66
67
67
77
72
70
76
75
76
70
67
58
57
52
62
57
56
50
48
43
42
41
41
40
41
49
57
62
62
65
75
81
81
75
67
66
68
69
68
67
69
74
70
72
75
72
85
85
84
74
67
63
60
57
56
51
48
45
43
41
42
40
36
37
36
40
38
33
33
31
31
38
32
31
30
30
30
29
28
29
27
27
28
30
31
31
31
31
28
24
21
19
19
20
18
17
15
18
17
15
14
12
12
10
10
10
9
9
9
9
9
10
14
15
60
103
133
149
153
147
134
120
109
96
81
69
61
52
46
41
37
32
29
26
22
20
18
17
15
14
13
12
12
12
10
9
9
10
12
12
12
12
12
13
12
12
13
12
12
12
12
12
12
10
10
10
10
9
9
9
9
9
9
9
8
9
9
9
8
9
8
8
8
8
8
8
7
8
8
8
8
9
8
8
8
8
8
7
7
8
8
8
8
8
8
9
8
8
9
8
8
8
8
8
9
8
8
8
9
9
8
8
8
8
8
8
8
8
7
7
7
7
7
7
7
7
8
8
8
7
7
7
9
9
10
9
12
10
12
10
10
13
12
12
12
10
10
9
9
14
13
12
10
12
12
12
10
9
9
9
8
9
9
9
9
10
10
10
10
10
9
12
12
15
18
18
15
14
14
19
21
21
19
18
15
19
20
19
25
27
27
31
30
36
38
43
43
42
45
40
51
52
49
42
45
42
45
57
54
51
45
41
38
38
46
49
45
41
40
39
50
56
57
57
58
58
57
67
69
70
69
61
55
60
69
68
69
68
62
61
62
60
64
64
64
61
56
51
57
60
62
62
61
62
64
62
64
64
61
64
65
68
69
75
80
86
91
96
94
94
90
86
82
77
78
77
76
74
72
69
68
73
76
78
77
79
75
69
69
67
61
58
57
55
55
51
61
60
61
67
68
68
69
76
76
78
80
80
78
81
86
87
88
94
94
94
90
87
89
94
96
94
93
91
87
86
88
86
84
81
85
89
87
84
88
88
86
87
85
84
78
84
84
81
80
78
72
73
74
75
76
70
68
68
62
67
65
67
66
64
64
64
65
61
62
64
67
67
64
61
60
58
64
61
61
60
57
58
57
58
58
56
56
55
50
50
49
45
41
40
38
42
44
40
38
37
37
36
32
30
29
30
29
28
31
28
29
33
31
32
32
33
37
36
32
31
29
30
32
32
33
32
30
31
29
29
28
28
29
27
26
22
21
20
20
20
18
17
16
15
14
12
14
12
13
14
13
12
12
13
13
12
12
12
15
17
15
14
14
14
14
14
14
12
13
14
17
20
19
21
19
19
17
15
14
14
15
14
15
15
15
17
18
17
18
18
18
17
15
20
19
18
21
21
20
21
20
19
17
17
15
18
17
17
18
17
20
19
18
17
15
17
18
18
19
17
18
17
18
19
20
20
25
30
29
28
27
27
30
28
29
31
32
34
37
36
32
38
41
43
45
49
49
49
49
52
57
56
57
61
57
60
65
65
67
67
68
68
70
74
77
78
81
87
88
90
89
93
93
98
96
94
99
98
100
93
94
90
88
86
86
80
78
74
70
74
75
75
68
65
64
57
58
60
57
60
60
57
58
58
60
57
60
58
60
60
60
60
58
57
57
56
57
56
57
58
55
55
55
51
52
50
50
46
48
45
42
41
38
33
33
31
29
27
22
21
18
17
15
14
15
14
14
14
14
12
12
10
10
14
13
15
14
14
14
18
18
22
27
30
28
27
24
21
21
19
17
15
17
15
15
14
15
19
21
22
21
22
24
22
24
24
30
31
37
33
36
32
38
38
42
48
49
51
57
65
65
75
86
91
96
104
109
114
116
114
113
109
96
94
85
76
84
80
70
65
63
58
51
49
46
45
46
45
43
46
48
58
61
56
61
67
70
76
84
86
89
84
80
78
76
75
80
69
69
64
68
65
68
61
58
57
61
62
61
64
61
62
60
57
58
56
62
68
70
68
67
64
62
65
65
64
64
63
61
60
54
53
55
56
52
50
46
40
36
38
40
51
69
67
58
50
44
38
38
33
33
40
40
57
56
56
60
64
63
61
57
53
50
45
45
40
33
29
27
22
21
19
17
17
14
13
12
12
14
16
18
18
20
24
24
27
30
37
37
39
40
39
42
44
42
42
42
41
40
40
42
43
44
49
50
48
42
40
45
45
45
44
46
48
52
56
60
64
64
63
62
64
85
84
72
68
67
67
66
70
70
72
68
67
60
56
52
57
56
52
51
53
56
61
69
68
62
61
61
62
64
65
65
64
65
64
62
67
67
67
68
64
62
64
64
66
68
69
65
61
61
63
61
61
67
68
69
69
66
65
67
67
67
67
67
65
66
65
64
64
64
66
67
67
70
72
76
75
74
74
75
76
77
76
74
69
67
67
67
65
62
61
60
55
50
50
46
48
48
48
50
52
56
57
61
66
69
67
64
62
62
61
62
62
63
64
60
58
57
57
56
55
53
51
50
50
50
49
49
50
49
49
50
50
51
51
52
50
51
50
48
46
45
44
43
45
43
40
41
40
38
38
36
36
32
31
29
28
27
28
29
30
31
31
36
39
40
37
37
37
38
38
38
38
41
42
43
45
44
43
42
43
45
45
44
44
43
42
43
43
45
46
46
48
50
50
51
50
52
50
48
48
46
41
38
34
33
31
31
30
31
30
31
31
31
33
33
33
31
31
28
24
21
19
17
17
15
14
12
12
10
9
9
8
8
8
8
8
7
7
8
8
9
9
10
14
13
12
12
12
14
15
19
27
33
40
46
49
46
45
42
37
32
29
25
21
19
18
17
15
14
12
12
10
9
9
9
8
8
8
7
7
7
7
7
7
8
8
12
14
13
14
14
15
15
14
13
12
14
19
29
39
48
60
74
86
90
89
89
86
80
72
62
56
48
41
36
30
28
24
22
27
29
31
28
24
30
43
61
77
89
89
81
70
61
52
51
54
60
77
93
113
128
145
149
145
132
123
113
97
85
88
104
124
142
151
153
150
149
138
128
122
106
94
79
68
58
50
46
44
45
51
60
67
77
89
99
106
114
120
122
120
115
110
103
98
97
100
109
122
136
151
168
176
182
183
182
177
175
171
171
174
180
187
195
200
207
212
218
210
197
173
153
127
109
96
89
94
108
128
168
224
321
502
880
1004
1004
1004
1004
1004
1004
1004
1004
1004
1003
1004
1003
1003
1001
1001
1001
1004
1004
1004
1004
1001
1001
1001
1001
1001
1001
1001
1001
1001
1001
1001
1001
1001
1004
1003
1003
1003
1003
1003
1004
1004
1003
1004
1003
1003
1003
1004
1003
1004
1001
1001
1001
1001
1001
1001
1001
1001
1001
1001
1001
1001
1001
1001
1001
1001
1001
1001
1001
1001
1001
1001
1001
1001
1001
1001
1001
1001
1001
1001
1001
1001
1001
1001
1001
1001
1001
1001
1001
1001
1001
1001
1001
1001
1001
1001
1001
1001
1001
1001
1001
1001
1001
1001
1001
1001
1001
1001
1001
1001
1001
1001
1001
1001
1001
1001
1001
1001
1001
1001
1001
1001
1001
1001
1001
1001
1001
1001
1001
1001
1001
1001
1001
1001
1001
1001
1001
1001
1001
1001
1001
1001
1001
1001
1001
1001
1001
1001
1001
1001
1001
1001
1001
1001
1001
1001
1001
1001
1001
1001
1001
1001
1001
1001
1001
1001
1001
1001
1004
954
987
1002
1003
1003
1003
1003
1003
1004
1003
1002
1003
1004
1003
1003
1004
1001
1001
1001
1001
1001
1001
1001
1001
1001
1001
1001
1001
1001
1001
1001
1001
1001
1001
1001
1001
980
922
954
1001
1001
1001
1001
1001
1001
1001
1001
1001
1001
1001
1001
1001
1001
1001
1002
1004
1004
1004
1004
1005
1005
1002
1004
1001
1001
1001
1001
1001
1001
1001
1001
1001
1001
1001
1001
1001
1001
1001
1001
1001
1001
1001
1001
1001
1001
1001
1001
1001
1001
1001
1001
1001
1001
1001
1001
1001
1001
1001
1001
1005
1004
1004
1004
1004
1004
1004
1004
1004
1004
1004
1004
1004
1004
1004
1004
1004
1004
1004
1004
1004
1004
1004
1004
1004
1003
1003
1004
1003
1003
1001
1001
1001
1001
1001
1003
1004
1001
1001
1001
1001
1001
1001
1001
1001
1001
1001
1001
1001
1001
1001
1001
1001
1001
1001
1001
1001
1001
1001
1001
1001
1001
1001
1001
1001
1001
1001
1001
1001
1001
1001
1001
1001
1001
1001
1001
1001
1001
1001
1001
1001
1001
1001
1001
1001
1001
1001
1001
1001
1001
1001
1001
1001
1001
1001
1001
1001
1001
1001
1001
1001
1001
1001
1001
1001
1001
1001
1001
1001
1001
1001
1001
1001
1001
1001
1001
1001
1001
1001
1001
1001
1001
1001
1001
1001
1001
1001
1001
1001
1001
1001
1001
1001
1001
1001
1001
1001
1001
1001
1001
1001
1001
1001
1001
1000
970
942
918
894
870
847
825
806
785
766
747
729
710
691
674
657
642
626
609
595
580
567
553
537
525
513
500
488
477
465
454
442
432
417
408
397
388
378
368
360
350
341
334
325
317
309
302
294
288
280
273
266
259
254
247
242
235
229
224
218
213
208
201
198
194
189
185
181
176
172
169
163
161
158
153
150
147
144
137
135
133
128
126
124
122
117
115
113
110
108
106
104
102
99
98
96
94
90
89
88
86
85
84
80
78
77
76
75
74
72
70
69
68
67
65
64
63
62
61
60
58
57
57
56
55
54
52
51
51
50
49
49
48
48
46
46
45
45
43
43
42
42
41
41
40
40
38
38
38
37
37
36
36
34
33
33
32
31
31
31
31
30
30
29
29
29
28
28
28
28
27
27
27
26
26
24
24
24
24
22
22
22
21
21
21
21
20
20
20
20
20
19
19
19
18
18
18
18
18
18
17
17
17
16
17
16
15
15
15
15
15
15
14
14
14
14
14
13
13
13
12
12
12
12
12
12
12
12
12
12
10
10
10
10
10
10
10
9
9
9
9
9
9
9
9
9
8
8
8
8
8
8
8
8
8
8
8
8
8
7
7
8
8
8
7
8
7
7
7
7
7
7
7
7
8
8
8
7
7
7
8
7
7
7
7
7
7
7
7
7
7
7
7
7
7
7
7
7
7
7
7
7
7
7
7
7
7
7
7
7
7
7
7
7
7
7
7
7
7
7
7
7
7
7
7
7
7
7
7
7
7
7
7
7
7
7
7
7
7
7
7
7
7
7
7
7
7
7
7
7
1004
1004
1004
1004
1005
1004
1004
1004
1004
1004
1004
1005
1004
1004
1005
1005
1005
1005
1004
1004
1004
1004
1004
1004
1004
1004
1001
1001
1001
1001
1001
1001
1001
1001
1001
1001
1001
1001
1001
1001
1001
1001
1001
1001
1001
1001
1001
1001
1001
1001
1001
1001
1001
1001
1004
1001
1001
1001
1001
1001
1001
1001
1001
1001
1001
1001
1001
1001
1002
1001
1001
1001
1001
1001
1001
1001
1001
1001
1001
1001
1001
1001
1001
1001
1001
1001
1001
1001
1001
1001
1001
1001
1001
1001
1001
1001
1001
1001
1001
1001
1001
1001
1001
1001
1001
1001
1001
1001
1001
1001
1001
1001
1001
1001
1001
1001
1001
1001
1001
1001
1001
1001
1001
1001
1001
1001
1001
1001
1001
1001
1001
1001
1001
1001
1001
1001
1001
1001
1001
1001
1001
1001
1001
1001
1001
991
961
932
906
881
857
833
811
788
768
748
727
709
687
669
653
634
618
602
586
570
556
542
526
512
497
484
471
459
447
434
422
406
396
386
375
364
354
344
334
325
316
308
300
291
283
276
267
259
253
245
238
233
225
219
213
207
201
196
190
186
181
176
171
168
162
158
153
149
145
138
135
133
127
124
122
116
114
112
108
104
102
99
97
94
90
88
87
85
81
79
77
76
74
72
69
68
67
65
64
62
61
60
57
57
56
55
52
51
50
50
49
48
46
45
43
43
42
41
41
40
39
38
37
37
36
34
33
33
32
31
31
30
30
29
29
28
28
28
27
27
27
26
25
24
24
24
24
22
22
22
21
21
21
21
20
20
19
19
19
19
18
18
18
18
18
18
18
1005
1004
1005
1005
1004
1005
1004
1004
1004
1004
1004
1004
1004
1004
1005
1005
1004
1005
1004
1005
1004
1005
1004
1004
1004
1004
1004
1004
1004
1004
1004
1004
1004
1004
1004
1003
1004
1004
1004
1003
1004
1003
1003
1003
1004
1003
1004
1003
1003
1004
1004
1004
1004
1003
1004
1004
1004
1004
1003
1004
1003
1003
1004
1004
1003
1004
1003
1003
1003
1003
1004
1003
1004
1003
1004
1004
1004
1002
1003
1004
1003
1003
1003
1004
1003
1003
1004
1004
1003
1003
1003
1004
1003
1003
1003
1003
1003
1003
1003
1003
1003
1003
1003
1003
1004
1004
1003
1003
1003
1003
1003
1003
1003
1003
1003
1003
1004
1003
1003
1003
1004
1004
1003
1004
1003
1003
1004
1003
1003
1003
1003
1004
1004
1003
1003
1004
1003
1003
1003
1003
1003
1003
1003
991
964
940
916
894
870
848
826
806
786
766
748
729
712
692
675
657
642
627
610
596
582
568
555
542
528
516
504
493
480
469
459
448
437
427
414
403
394
386
376
367
360
350
341
334
327
319
312
306
298
291
283
277
270
264
258
253
246
242
235
229
224
220
214
209
205
200
196
190
187
183
180
175
171
168
163
160
157
153
150
147
144
137
135
133
128
126
123
122
117
115
113
110
108
106
103
102
99
97
96
93
90
88
87
85
84
81
80
77
76
75
74
70
70
69
67
66
65
64
62
61
60
58
57
56
55
321
630
696
626
568
518
475
437
399
368
343
319
297
278
261
246
233
220
208
198
187
178
170
188
489
710
746
1001
1001
1001
1001
1001
1001
1001
1001
1001
1001
1001
1004
1004
1004
1001
1004
1004
1004
1004
1004
1004
1004
1004
1004
1004
1004
1004
1004
1004
1004
1004
1004
1004
1004
1001
1001
1001
1001
1001
1001
1001
1001
1001
1001
1001
1001
1001
1001
1001
1001
1001
1001
1004
1004
1001
1001
1001
1001
1001
1001
1004
1004
1004
1004
1004
1003
1001
1001
1001
1004
1004
1004
1005
1005
1004
1004
1004
1004
1004
1005
1004
1004
1003
1004
1004
1003
1004
1004
1003
1004
1004
1004
1003
1003
1002
1004
1004
1004
1004
1002
1001
1001
1001
1001
1001
1001
1001
1001
1001
1001
1001
1001
1001
1001
1001
1001
1001
1001
1001
1001
1001
1001
1001
1001
1001
1001
1001
1001
1001
1001
1001
1001
1001
1001
1001
1001
1001
1001
1001
1001
1002
1001
1001
1001
1001
1001
1001
1001
1001
1001
1001
1001
1001
1001
1001
1002
1001
1001
1001
1001
1001
1001
1001
1001
1001
1001
1001
1001
1001
1001
1001
1001
1001
991
972
954
938
921
903
888
874
858
843
825
811
795
782
772
759
746
736
726
716
705
688
674
661
644
629
615
602
594
585
579
570
566
560
554
546
542
534
523
516
517
516
514
507
500
494
489
486
482
478
475
471
470
469
468
468
465
462
460
457
450
441
434
423
412
401
389
377
365
353
348
343
339
334
330
329
325
322
322
317
310
308
306
303
302
300
294
291
289
286
283
281
278
281
278
279
282
288
291
277
297
268
350
860
1004
1004
1003
1004
1004
1004
1004
1004
1004
1004
1004
1004
1004
1003
1004
1004
1004
1004
1004
1004
1004
1004
1004
1004
1004
1004
1004
1004
1004
1004
1004
1004
1004
1004
1003
1004
1004
1004
1004
1003
1004
1004
1004
1004
1004
1004
1004
1004
1004
1004
1004
1004
1004
1004
1001
1001
1004
1004
1004
1004
1004
1004
1004
1004
1004
1004
1004
1004
1004
1004
1004
1004
1004
1004
1004
1004
1004
1002
1002
1002
1001
1001
1002
1001
1002
1002
1002
1001
1001
1001
1002
1002
1001
1001
1001
1001
1002
1001
1001
1002
1001
1001
1001
1002
1002
1001
1001
1001
1001
1001
1002
1001
1001
1002
1001
1001
1002
1001
1001
1001
1001
1002
1001
1002
1002
1002
1001
1002
1001
1001
1001
1002
1001
1002
1003
1001
1001
1001
1001
1001
1001
1001
1001
1002
1002
1001
1001
1001
1001
1001
1001
1002
1001
1001
1001
1001
1001
1004
1004
1004
1004
1003
1004
1004
1004
1004
1004
1004
1004
1004
1004
1004
1004
1004
1004
1004
1004
1004
1004
1004
1004
1004
1004
1004
1004
1004
1004
1004
1004
1004
1004
1002
1002
1002
1002
1002
1003
1002
1002
1001
1002
1001
1002
1002
1001
1001
1001
1001
1001
1002
1002
1002
1001
1002
1003
1001
1002
1002
1001
1001
1001
1002
1001
1001
1001
1001
1001
1002
1002
1002
1002
1001
1001
1002
1002
1002
1001
1002
1001
1002
1002
1001
1002
1004
1004
1004
1004
1004
1004
1004
1004
1004
1004
1004
1004
1004
1004
1004
1004
1004
1004
1004
1004
1004
1004
1004
1003
1004
1004
1004
1004
1004
1004
1004
1004
1004
1004
1004
1004
1004
1004
1004
1004
1004
1004
1004
1004
1004
1004
1004
1004
1004
1004
1004
1004
1004
1004
1004
1004
1004
1004
1004
1004
1004
1004
1004
1004
1004
1004
1004
1004
1004
1003
1004
1004
1004
1004
1004
1004
1004
1004
1004
1004
1004
1004
1004
1004
1004
1004
1004
1004
1004
1004
1004
1004
1004
1004
1004
1004
1004
1004
1004
1004
1004
1004
1004
1004
1004
1004
1004
1004
1004
1004
1004
1004
1004
1004
1004
1004
1004
1004
1004
1004
1003
1003
1001
986
962
942
925
906
894
876
862
848
835
823
807
797
782
773
764
748
744
732
721
708
693
681
672
657
643
630
620
610
600
590
579
567
556
552
541
529
526
523
514
500
486
480
471
462
451
449
438
430
415
404
394
387
381
376
366
363
354
351
343
339
339
330
331
321
318
310
302
297
290
282
273
267
254
248
240
230
225
225
222
214
211
209
204
199
190
189
185
181
178
173
170
170
166
161
156
158
160
159
151
147
141
127
126
118
127
122
120
120
116
110
112
106
104
101
94
94
89
86
79
77
76
72
70
65
61
55
55
49
44
42
41
42
40
38
37
36
36
31
31
31
30
29
29
27
25
27
24
24
22
22
22
21
20
20
20
19
20
19
18
18
17
16
14
18
18
18
19
18
17
15
15
14
17
16
15
14
13
13
12
12
14
18
18
17
18
17
17
17
20
18
18
18
18
16
17
17
20
18
17
15
14
14
14
15
14
12
12
10
10
9
12
18
34
99
126
277
264
315
297
336
401
500
493
437
401
361
312
272
233
198
171
149
130
113
98
85
73
63
55
49
42
38
33
29
31
32
29
27
22
20
21
20
18
20
19
19
19
20
20
22
27
28
26
22
27
31
36
34
31
28
40
52
56
57
49
45
42
38
37
40
50
64
75
93
110
137
163
188
201
201
199
200
199
195
187
176
159
138
124
114
102
87
75
67
61
60
61
57
58
62
69
75
74
81
87
94
94
97
100
104
104
112
106
110
110
108
109
109
113
115
112
110
117
122
122
135
137
142
145
150
156
159
159
159
159
158
158
153
149
149
148
148
153
150
151
150
153
149
142
144
139
136
135
128
124
124
124
125
123
118
122
120
117
115
115
116
109
121
122
124
123
127
126
127
126
127
124
122
120
123
123
122
127
126
123
117
116
106
106
103
98
93
88
84
80
81
77
72
65
72
69
68
64
60
60
55
60
62
62
63
70
69
66
63
69
65
67
61
57
52
58
55
52
49
43
39
36
33
31
28
29
27
27
30
28
30
33
38
33
32
33
32
36
40
40
43
44
45
43
44
48
43
43
50
45
51
50
51
48
51
50
62
58
61
61
65
65
72
70
70
69
72
76
68
86
86
84
84
80
81
78
81
80
81
77
78
74
78
77
74
74
77
74
69
65
75
67
62
67
57
61
57
57
60
55
52
51
50
50
48
49
43
42
39
37
33
32
37
33
32
36
32
37
32
32
32
30
27
26
27
24
26
22
22
24
21
24
27
26
22
21
19
18
20
22
22
20
19
17
17
15
16
20
20
18
17
17
17
15
13
14
14
15
15
14
14
19
18
18
17
17
15
20
20
22
22
24
30
30
30
33
31
37
38
36
40
38
36
42
37
38
34
31
36
32
31
30
31
28
27
27
24
24
22
22
27
27
26
28
27
24
27
31
31
37
33
33
33
33
31
33
31
31
33
36
37
33
36
31
32
29
27
27
29
30
29
28
30
29
27
30
28
31
34
32
37
33
37
33
37
42
42
41
40
37
41
40
37
38
36
33
31
29
29
32
37
33
38
43
46
45
49
48
50
48
46
49
46
45
42
42
38
33
30
31
30
28
24
21
20
18
18
19
24
28
26
30
30
29
28
25
22
26
22
20
22
21
20
21
20
18
17
18
17
15
17
17
19
18
17
16
17
15
14
12
14
14
14
15
14
13
12
12
12
12
14
14
12
12
12
14
14
14
12
14
15
17
17
15
18
17
16
15
14
18
18
17
16
15
14
13
12
15
15
15
14
13
12
10
14
13
16
18
17
17
17
17
19
19
19
18
21
24
21
19
20
19
18
17
17
15
18
15
15
15
15
14
14
12
12
14
12
12
10
10
14
14
14
15
17
15
17
15
17
19
18
19
17
19
20
18
17
18
19
18
17
18
18
19
18
21
20
19
21
19
19
20
21
24
29
26
24
30
28
27
28
38
40
33
31
28
27
24
27
28
27
24
24
21
27
25
24
21
24
21
22
20
31
29
28
29
27
25
32
31
38
34
31
37
36
36
38
38
33
33
30
29
29
29
30
31
31
29
29
30
28
31
32
29
29
26
27
29
27
27
22
21
22
27
24
24
22
20
18
17
15
14
12
12
10
10
16
21
21
22
20
18
16
15
18
18
15
16
17
14
17
17
20
20
27
31
40
45
49
48
46
48
55
55
51
49
50
55
56
56
61
61
56
55
49
45
40
36
37
33
30
29
30
29
29
28
26
27
28
29
27
26
24
21
19
18
16
14
14
14
15
18
22
22
22
26
21
19
21
19
18
18
18
20
20
20
20
19
21
21
21
19
18
15
14
13
12
10
12
12
17
15
14
12
12
14
13
12
12
12
10
10
12
12
18
18
18
17
20
19
20
21
21
21
22
24
32
36
32
31
31
33
37
37
41
37
39
38
39
40
42
50
48
43
43
46
48
50
55
54
50
50
49
52
51
49
45
43
39
38
37
36
36
37
33
37
33
32
33
34
36
38
41
38
33
33
33
32
36
37
33
34
37
41
41
45
41
40
38
39
40
40
43
45
44
45
49
52
55
56
55
57
57
58
65
62
65
64
61
60
57
58
52
49
46
48
48
44
41
42
40
38
38
38
37
33
37
39
39
49
46
43
43
43
43
45
42
41
40
37
36
36
32
38
37
32
31
36
38
37
37
36
36
39
38
40
37
36
33
32
31
32
30
33
31
30
28
25
27
24
30
28
25
24
21
19
21
21
20
21
21
19
20
19
18
17
15
14
12
12
10
10
10
9
9
9
9
9
8
8
8
8
8
8
9
8
8
9
9
9
10
16
16
17
17
18
24
26
24
22
20
20
21
19
20
18
20
19
19
18
16
15
15
14
14
15
14
12
12
10
12
13
14
14
13
12
12
18
18
21
21
21
22
27
28
33
33
40
41
36
37
38
33
33
33
36
32
30
29
31
34
31
30
29
27
31
31
31
30
29
30
29
32
32
29
28
27
26
31
31
31
28
27
26
21
21
20
18
17
15
14
15
14
12
12
10
17
17
15
15
14
15
15
14
14
14
15
15
18
16
17
15
14
12
14
14
12
18
17
17
19
21
21
20
27
24
21
19
18
20
19
19
19
18
15
15
14
15
18
22
20
18
26
27
22
21
20
21
21
21
20
18
19
20
19
17
19
19
18
17
15
14
12
14
15
14
14
12
12
10
10
14
13
12
10
9
9
9
12
15
14
12
12
10
9
9
10
14
14
12
12
12
18
18
16
15
15
17
17
22
20
19
18
17
17
17
15
14
12
17
18
17
15
15
14
19
18
17
15
14
14
14
14
14
13
13
12
12
10
10
9
9
9
9
9
10
9
10
12
12
10
10
10
10
14
12
18
18
17
17
17
16
15
14
13
12
12
20
21
24
24
24
25
24
22
25
22
26
22
21
20
20
19
18
17
15
15
14
12
12
15
15
14
14
14
14
14
14
15
15
15
14
13
12
12
10
10
9
9
9
12
12
10
12
10
9
9
9
12
14
12
12
10
14
15
14
12
12
14
14
13
12
10
10
9
10
10
10
10
14
14
12
12
13
12
10
10
9
9
10
10
9
9
9
9
9
10
10
9
9
9
8
8
8
9
10
10
14
16
15
18
18
17
17
18
22
25
27
22
21
19
18
18
15
18
18
16
14
13
12
10
10
9
12
13
15
50
93
206
256
273
257
259
253
233
221
201
177
153
128
110
94
84
75
64
56
49
43
38
33
30
30
31
30
30
31
30
32
36
40
69
79
89
94
81
69
60
51
45
40
37
33
31
28
28
30
29
29
37
51
58
56
58
61
70
77
69
72
72
67
64
60
56
52
48
48
44
43
41
41
41
37
37
36
37
40
37
38
37
42
44
40
38
38
48
46
42
40
49
42
48
46
60
57
58
58
64
63
65
73
64
62
81
76
75
77
72
68
61
54
57
58
50
45
43
52
49
42
41
38
43
46
43
41
56
65
75
91
93
84
75
69
68
65
75
77
79
76
79
89
96
93
82
74
75
80
78
85
85
78
86
88
98
103
122
125
151
166
188
211
230
246
253
255
264
273
282
279
286
283
282
281
280
273
270
264
264
259
253
252
252
254
248
248
254
234
225
209
181
166
153
147
125
128
122
111
104
103
100
97
109
120
127
126
787
1004
1004
1003
1004
1004
1004
1004
1004
1002
1002
1002
1002
1002
1002
1001
1001
994
954
928
900
1004
1005
1005
1004
1004
1003
1004
1004
1004
1004
1004
1004
1004
1004
1001
1001
1001
1001
1001
1001
1001
1002
1001
1001
1001
1001
1001
1001
1001
1002
1001
1001
1003
1003
1004
1004
1004
1004
992
890
787
793
925
1001
1002
1001
1001
1002
1002
1001
1002
1001
1001
1001
1001
1001
1005
1004
1004
1004
1004
1004
1003
1004
1004
1003
1003
1004
1004
1004
1002
1002
1001
1001
1001
1001
1002
1002
1002
1001
1002
1002
1001
1002
1001
1002
1001
1001
1001
1001
1001
1002
1001
1001
1001
1001
1001
1001
1001
1001
1001
1001
1001
1001
1001
1001
1001
1001
1001
1001
1001
1001
1001
1001
1001
1001
1001
1001
1001
1001
1001
1004
1004
1004
1004
1004
1004
1004
1004
1004
1004
1004
1004
1004
1004
1004
1004
1004
1004
1004
1004
1004
1004
1004
1004
1004
1003
1004
1004
1004
1004
1004
1004
1004
1004
1003
1001
1001
1001
1001
1002
1002
1001
1002
1001
1001
1002
1001
1002
1001
1002
1001
1001
1001
1004
1004
1003
1004
1004
1001
1004
1004
1004
1004
1004
1004
1004
1004
1004
1004
1004
1004
1004
1001
1001
1001
1001
1001
1001
1001
1001
1001
1001
1001
1001
1001
1001
1001
1002
1002
1001
1001
1001
1001
1001
1001
1001
1001
1001
1002
1001
1001
1002
1002
1001
1001
1001
1001
1001
1001
1002
1001
1001
1001
1001
1001
1001
1001
1001
1001
1002
1002
1001
1001
1001
1001
1001
1001
1002
1001
1002
1001
1001
1001
1001
1002
1001
1002
1002
1001
1001
1004
1004
1004
1004
1004
1004
1004
1004
1004
1004
1001
1001
1002
1002
1002
1001
1002
1001
1001
1001
1001
1002
1002
1001
1001
1001
1002
1001
1001
1001
1001
1002
1001
1002
1001
1001
1001
1001
1001
1001
1001
1001
1001
1001
1001
1001
1001
1002
1001
1001
1002
1001
1001
1001
1001
1001
1001
1001
1001
1001
1001
1001
1002
1001
1001
1001
1001
1001
994
964
939
914
890
869
847
825
806
785
766
748
729
712
692
675
660
644
628
621
613
607
602
597
591
589
588
585
582
581
579
573
572
570
566
562
561
559
557
559
557
555
556
557
556
557
560
562
562
566
566
562
560
558
553
550
553
552
547
549
552
546
545
545
542
542
544
547
553
561
573
564
554
552
547
544
544
544
542
542
543
542
541
543
543
541
541
543
543
544
546
547
546
546
547
547
546
547
547
546
549
552
547
547
549
546
546
547
548
546
549
552
549
549
549
547
545
545
545
543
543
545
545
546
552
554
555
557
561
562
565
568
569
568
570
572
570
571
573
573
572
576
576
574
577
579
576
574
578
578
577
577
579
578
579
582
582
585
589
590
590
594
598
597
598
602
602
602
606
608
608
610
616
616
618
622
622
620
622
626
622
622
626
624
622
622
620
615
610
605
600
595
594
589
581
578
572
568
560
596
1005
1005
1005
1005
1005
1005
1005
1005
1005
1005
1005
1005
1005
1005
1005
1004
1004
1004
1004
1005
1005
1005
1005
1004
1004
1004
1004
1004
1004
1004
1004
1004
1004
1004
1003
1004
1004
1004
1004
1004
1004
1004
1004
1004
1004
1004
1004
1004
1004
1004
1004
1004
1004
1004
1004
1004
1004
1004
1004
1004
1004
1004
1004
1004
1004
1004
1004
1004
1004
1004
1004
1004
1004
1004
1004
1004
1004
1004
1004
1004
1004
1004
1004
1003
1001
1002
1002
1002
1002
1003
1001
1001
1002
1003
1003
1002
1002
1003
1002
1002
1001
1003
1002
1002
1002
1002
1002
1002
1003
1002
1002
1003
1001
1004
1004
1004
1004
1004
1004
1004
1004
1004
1004
1004
1004
1003
1002
1002
1003
1002
1003
1002
1004
1003
1003
1003
1003
1003
1003
1002
1002
1003
1004
1004
1004
1004
1004
1004
1003
1003
1003
1003
1003
1003
1002
1003
1003
1003
1003
1005
1005
1005
1005
1005
1005
1005
1005
1005
1005
1005
1004
1004
1004
1004
1004
1004
1004
1004
1004
1004
1004
1004
1004
1004
1004
1004
1004
1004
1004
1004
1004
1004
1004
1004
1004
1004
1004
1004
1004
1004
1004
1004
1004
1004
1004
1004
1004
1004
1004
1004
1004
1004
1004
1004
1004
1004
1004
1004
1004
1004
1004
1004
1004
1004
1004
1004
1004
1004
1004
1004
1004
1004
1004
1004
1004
1004
1004
1004
1004
1004
1004
1004
1004
1004
1004
1004
1004
1004
1004
1004
1004
1004
1004
1004
1004
1004
1004
1004
1004
1004
1004
1004
1004
1004
1004
1004
1004
1004
1004
1004
1004
1004
1004
1004
1004
1004
1004
1004
1004
1004
1004
1004
1004
976
952
927
903
880
858
835
814
794
786
822
817
830
838
833
845
853
860
868
870
878
876
881
888
888
906
932
945
950
953
953
951
950
955
954
949
945
939
926
916
907
904
898
906
902
896
897
898
895
890
896
895
894
895
894
890
888
893
890
890
897
898
897
896
897
897
895
898
898
893
896
894
892
889
890
889
883
880
879
874
880
880
876
874
878
878
873
876
879
878
874
880
881
879
881
883
880
881
884
883
881
884
884
883
884
884
883
883
885
885
884
889
886
885
889
890
889
889
895
895
894
897
900
902
906
908
910
908
916
918
919
921
925
926
927
928
929
927
936
940
941
946
965
972
973
974
1003
1002
1003
1003
1003
1003
1002
1003
1003
1003
1001
1003
1003
1003
1003
1004
1004
1003
1004
1003
1004
1004
1002
1003
1003
1003
1003
1003
1003
1004
1004
1003
1003
1003
1004
1002
1003
1003
1004
1004
1003
1003
1003
1004
1003
1003
1003
1003
1003
1003
1003
1003
1004
1003
1003
1004
1004
1004
1004
1004
1004
1004
1004
1004
1004
1004
1004
1004
1004
1004
1004
1004
1004
1004
1004
1004
1004
1004
1004
1004
1004
1004
1004
1004
1004
1004
1003
1004
1002
1004
1004
1004
1003
1004
1004
1004
1004
1004
1004
1004
1004
1004
1004
1004
1004
1004
1003
1004
1004
1003
1003
1004
1003
1003
1003
1003
1003
1004
1003
1004
1003
1003
1003
1003
1004
1004
1001
1003
1003
1003
1003
1003
1004
1003
1003
1002
1003
1004
1004
1003
1004
1003
1003
1002
1002
1003
1002
1002
1003
1003
1003
1002
1003
1003
1004
1003
1001
1003
1003
1003
1004
1003
1003
1004
1003
1004
1003
1003
1004
1003
1004
1002
1002
1003
1004
1002
1003
1003
1002
1003
1003
1003
1003
1004
1004
1003
1003
1003
1003
1003
1003
1003
1003
1004
1004
1004
1003
1003
1004
1004
1003
1003
1003
1004
1004
1002
1003
1003
1003
1003
1003
1003
1004
1003
1003
1004
1003
1004
1004
1003
1003
1004
1003
1003
1004
1004
1003
1004
1003
1003
1003
1003
1004
1003
1003
1004
1003
1004
1004
1003
1003
1004
1003
1003
1003
1003
1003
1002
1003
1002
1003
1003
1003
976
951
926
903
879
858
836
816
796
776
758
740
723
706
685
668
654
639
622
607
594
580
567
553
538
526
514
502
490
480
468
457
446
435
424
412
402
392
381
373
364
355
346
338
329
322
315
307
300
293
286
278
272
266
259
254
247
242
236
230
225
220
216
210
205
233
408
642
873
1004
1004
1004
1004
1004
1004
1004
1004
1004
1004
1004
1004
1004
1004
1004
1004
1004
1004
1004
1004
1004
1004
1004
1004
1004
1004
1004
1004
1004
1004
1004
1004
1004
1004
1004
1004
1004
1005
1005
1004
1004
1004
1004
1004
1004
1004
1004
1004
1005
1005
1005
1005
1005
1005
1005
1005
1005
1005
1005
1005
1005
1005
1004
1004
1004
1004
1004
1004
1004
1004
1004
1004
1004
1004
1004
1004
1004
1004
1004
1004
1004
1004
1004
1004
1004
1004
1004
1004
1004
1004
1004
1004
1004
1004
1004
1004
1004
1003
1004
1004
1004
1004
1004
1004
1004
1004
1003
1004
1004
1004
1004
1004
1003
1004
1003
1004
1004
1004
1004
1003
1004
1003
1003
1003
1003
1004
1004
1004
1004
1003
1004
1001
1003
1003
1003
1003
1003
1003
1004
1003
1003
1003
1004
1004
1003
1003
1004
1004
1004
1003
1003
1004
1004
1004
1004
1004
1004
1003
1003
1004
1004
1003
1003
1003
1004
1003
1004
1004
1004
1004
1003
1003
1003
1004
1003
1003
1004
1004
1004
1004
1003
1004
1004
1004
1004
1004
1004
1004
1003
1004
1004
1004
1004
1003
1004
1003
1003
1004
1004
1003
1003
1003
1003
1003
1003
1003
1003
1003
1002
1003
1004
1004
1003
1003
1002
1004
1004
1004
1002
1003
1004
1003
1004
1004
1003
1003
1004
1003
1003
1004
998
937
879
825
783
736
691
648
615
581
553
529
507
484
461
445
429
413
411
394
381
377
373
361
355
354
341
342
340
337
329
328
324
317
316
316
315
306
306
309
374
329
360
434
502
557
605
663
712
738
734
691
619
547
493
432
373
326
285
267
252
233
219
207
187
173
168
149
136
128
122
114
114
114
103
97
90
86
80
84
80
74
69
64
58
52
48
43
43
41
38
39
33
30
29
29
31
33
32
36
42
42
48
46
48
48
57
68
75
78
84
84
78
74
72
74
75
68
61
56
52
50
46
49
50
45
45
43
40
37
367
610
558
512
456
461
506
561
729
1003
1003
1004
1004
1003
1004
1004
1004
1004
1004
1004
1003
1004
1004
1003
1004
1004
1004
1004
1004
1004
1003
1004
1004
1004
1004
1004
1004
1004
1004
1004
1004
1004
1004
1004
1004
1004
1004
1004
1004
1004
1004
1004
1004
1004
1004
1004
1004
1004
1004
1004
1004
1004
1004
1004
1004
1004
1004
1004
1004
1004
1004
1004
1004
1004
1004
1004
1004
1004
1004
1004
1004
1004
975
952
933
907
884
867
852
831
818
800
780
758
739
718
692
665
649
628
608
595
569
547
533
521
507
492
487
471
457
448
434
415
408
401
389
378
367
361
344
339
331
322
310
308
297
290
289
278
267
259
254
246
237
235
228
214
207
204
194
186
181
172
163
162
163
161
161
161
161
157
158
157
148
138
141
128
124
122
116
109
102
89
81
76
75
70
65
65
61
60
58
61
61
60
61
57
52
50
46
41
38
40
41
60
75
80
81
80
80
76
72
67
64
60
54
51
48
45
42
37
31
29
27
25
27
28
29
31
31
42
67
103
161
230
310
388
457
501
523
529
518
490
460
428
388
342
301
261
223
189
163
149
149
150
154
166
175
183
192
200
207
218
234
254
273
301
322
339
351
360
364
357
346
327
300
266
232
198
170
148
125
108
97
86
75
68
63
61
56
56
50
45
41
37
40
37
32
31
30
28
24
22
22
25
24
22
21
20
18
19
19
22
28
33
38
46
45
45
42
38
33
32
30
29
36
32
31
33
33
31
33
34
42
60
61
56
49
42
41
36
32
29
27
24
21
21
22
20
20
19
19
18
16
15
14
14
12
12
10
10
18
16
14
14
12
12
12
12
15
15
14
12
12
12
10
10
9
10
14
13
12
15
15
18
20
28
30
28
27
24
27
24
21
19
18
17
17
16
14
15
14
14
14
12
12
12
12
10
12
12
12
12
13
15
14
14
14
12
12
14
13
14
12
14
15
15
18
17
15
15
14
14
15
14
13
12
15
15
14
12
15
14
14
12
10
10
9
12
10
10
9
10
10
15
15
14
12
12
13
12
12
10
9
10
10
10
10
10
10
10
10
10
10
10
9
10
9
9
10
9
13
14
14
13
14
15
18
17
14
14
12
15
16
15
14
14
13
12
12
10
9
9
9
9
9
9
9
8
9
8
8
8
8
8
8
8
9
8
8
8
8
8
8
8
8
8
8
7
7
7
8
9
9
9
9
8
8
9
10
12
10
10
9
9
9
10
9
9
10
9
9
9
10
10
12
10
10
9
9
9
12
12
10
10
9
9
9
10
10
9
9
9
9
9
9
9
10
10
10
9
10
12
12
12
14
12
12
12
10
10
12
12
10
10
10
10
12
10
12
12
10
9
10
9
9
9
9
10
10
9
10
10
12
13
13
14
12
12
12
14
13
12
12
10
9
9
9
10
9
9
8
8
8
8
8
8
8
8
8
8
8
8
8
8
8
8
8
8
9
9
9
9
9
9
8
8
12
10
10
10
10
10
12
12
12
13
12
10
12
13
15
14
14
15
15
14
17
15
14
13
12
10
10
9
9
8
10
10
14
14
12
10
10
9
9
10
10
10
9
9
9
9
9
10
12
10
10
9
9
9
8
9
9
9
9
9
9
10
12
12
10
10
9
9
9
8
10
9
9
8
8
8
8
8
8
8
8
8
8
8
8
8
9
9
9
8
8
12
14
12
12
10
9
9
8
8
8
8
8
7
8
8
8
7
7
7
8
8
8
8
7
8
7
8
7
9
10
18
22
27
28
27
38
42
49
49
42
37
32
31
28
24
27
36
52
80
100
99
89
80
68
60
51
48
42
37
32
30
28
24
22
21
19
19
18
18
19
21
29
31
30
27
22
21
19
19
19
17
15
14
13
13
14
12
12
19
28
32
38
41
43
48
49
42
40
42
38
38
33
30
28
24
21
20
22
21
19
20
19
17
15
17
15
14
13
14
18
69
110
129
168
190
178
195
223
228
235
259
235
229
307
1005
1005
1005
1005
1005
1004
1004
1004
1004
1004
1004
1004
1004
1004
1004
1004
1004
1004
1004
1004
1003
1003
1003
1003
1004
1003
1004
1003
1003
1004
1003
1004
1003
1004
1003
1002
1002
1003
1003
1004
1003
1003
1002
1004
1003
1004
1004
1003
1004
1004
1003
1004
1003
1004
1003
1004
1004
1003
1004
1003
1004
1003
1004
1004
1003
1003
1003
1003
1003
1003
1003
1003
1002
1003
1003
1004
1003
1003
1003
1003
1003
1004
1003
1004
1004
940
879
880
939
1003
1002
1004
1002
1001
1002
1003
1004
1003
1004
1004
1003
1003
1003
1003
1003
1003
944
852
769
735
1003
1003
1003
1003
1003
1004
1003
1002
1003
1001
1002
1003
1003
1002
1003
1003
1003
1002
1004
1002
1004
1004
1004
1003
1003
1003
1003
1003
1003
1004
1004
1004
1002
1003
1004
1002
1003
1003
1002
1002
1002
1003
1002
1004
1002
1002
1002
1002
1003
1003
1003
1003
1004
1003
1003
1003
1004
1004
1003
1004
1003
1001
1003
1004
1004
1004
1004
1004
1004
1004
1004
1004
1004
1002
1004
1003
1004
1004
1003
1003
1003
1004
1003
1004
1003
1004
1004
1003
1004
1004
1003
1003
1004
1003
1003
1003
1003
1003
1004
1003
1004
1003
1003
1003
1003
1003
1003
1003
1003
1003
1003
1003
1002
1003
1003
1003
1004
1003
1003
1003
1003
994
964
938
914
890
868
846
824
805
784
765
746
728
710
691
673
656
642
626
609
595
581
607
1004
1004
1004
1004
1005
1005
1005
1005
1005
1005
1005
1005
1005
1005
1005
1005
1005
1005
1005
1005
1005
1005
1005
1005
1005
1005
1004
1004
1004
1004
1004
1004
1004
1004
1004
1004
1004
1004
1003
1003
1004
1003
1003
1004
1004
1003
1003
1003
1004
1004
1004
1003
1004
1004
1004
1004
1003
1003
1003
1003
1004
1004
1003
1004
1003
1003
1004
1003
1004
1004
1003
1004
1003
1003
1004
1004
1004
1003
1004
1004
1003
1004
1003
1003
1003
1003
1003
1004
1004
1003
1004
1003
1003
1003
1003
1002
1003
1002
1003
1003
1004
1003
1003
1003
1003
1003
1004
1003
1003
1003
1003
1002
1004
1003
1003
1004
1003
1003
1002
1003
1003
1003
1003
1003
1004
1003
1003
1004
1003
1004
1003
1003
1004
1003
1003
1003
1002
1002
1003
1002
989
960
932
906
881
857
834
812
792
770
749
730
712
691
673
656
639
622
607
592
578
562
547
534
520
507
493
480
468
456
445
430
417
406
397
387
377
367
357
348
339
329
321
313
306
297
290
282
274
267
261
254
247
242
235
229
224
218
212
207
201
197
192
187
183
178
174
170
166
161
159
154
150
148
144
137
134
130
127
124
122
118
116
113
110
108
105
102
100
98
96
94
92
89
88
86
85
82
80
78
77
76
74
72
70
69
68
67
65
64
63
61
61
60
58
57
56
55
55
52
51
50
50
49
48
48
46
46
45
43
43
42
42
41
41
40
39
38
38
37
37
36
34
33
33
32
32
31
31
31
30
30
29
29
29
28
28
28
28
27
27
27
26
25
24
57
190
358
601
866
1004
1004
1004
1004
1004
1004
1004
1004
1004
1004
1004
1004
1004
1004
1004
1004
1004
1004
1004
1005
1005
1005
1005
1005
1005
1005
1005
1005
1005
1005
1005
1005
1005
1005
1005
1005
1005
1005
1005
1005
1005
1005
1005
1004
1004
1004
1004
1004
1004
1004
1004
1004
1004
1004
1004
1004
1004
1004
1004
1004
1004
1004
1004
1004
1004
1004
1004
1004
1004
1004
1004
1004
1004
1004
1004
1004
1004
1004
1004
1004
1004
1004
1004
1004
1004
1004
1004
1004
1004
1004
1004
1004
1004
1004
1004
1004
1004
1004
1004
1004
1004
1004
1004
1004
1004
1004
1004
1004
1004
1004
1004
1004
1004
1004
1004
1004
1004
1004
1004
1004
1004
1004
1004
1004
1004
1004
1004
1004
1004
1004
1004
1004
1004
1004
1004
1004
1004
1004
1004
1004
1004
1004
1004
1004
1004
1004
1004
1004
1004
1004
1004
1004
1004
1004
1004
1004
1004
1004
1001
974
950
926
902
880
857
835
814
794
774
754
736
717
696
679
662
645
629
615
600
585
570
556
543
531
517
505
493
937
1004
1004
1004
1004
1004
1004
1003
1003
1003
1004
1004
1004
1004
1004
1004
1003
1003
1003
1004
1004
1004
1004
1004
1004
1003
1004
1004
1004
1004
1004
1004
1004
1004
1004
1004
1004
1004
1004
1004
1004
1004
1004
1004
1004
1004
1004
1004
1004
1004
1004
1004
1004
1004
1004
1004
1004
1004
1004
1004
1004
1004
1004
1004
1004
1003
1004
1003
1004
1003
1003
1003
1002
1003
1004
1004
1004
1004
1004
1004
1004
1004
1004
1003
1004
1003
1003
1003
1003
1003
1004
1003
1004
1004
1004
1004
1004
1004
1003
1003
1003
1004
1004
1004
1004
1004
1003
1004
1003
1004
1003
1003
1003
1003
1003
1004
1004
1004
1004
1003
1004
1003
1004
1003
1002
1004
1004
1003
1004
1004
1003
1003
1004
1004
1003
1004
1003
1004
1003
1004
1003
1004
1004
1003
1004
1004
1004
1003
1003
1004
1002
1003
1003
1004
1004
1003
1004
1004
1003
1003
1003
1003
1003
1004
1003
1004
1003
1004
1002
1003
1003
1004
1004
1003
1004
1004
1003
1004
1004
1004
1004
1003
1004
1003
1003
1004
1004
1003
1004
1004
1004
1004
1004
1003
1004
1004
1004
1003
1003
1003
1004
1004
1003
1004
1004
1004
1004
1003
1004
1004
1004
1004
1004
1004
1003
1004
1004
1003
1004
1004
1003
1004
1003
1003
1004
1004
1004
1004
1004
1003
1003
1003
1003
997
965
940
915
890
867
846
823
802
1005
1005
1005
1005
1004
1003
1004
1003
1004
1005
1005
1005
1005
1005
1005
1005
1005
1005
1005
1005
1005
1005
1005
1005
1005
1005
1005
1005
1005
1005
1005
1004
1004
1004
1004
1004
1004
1004
1004
1004
1004
1004
1004
1004
1004
1004
1004
1004
1004
1004
1004
1004
1004
1004
1004
1004
1004
1004
1004
1003
1003
1003
1003
1003
1003
1003
1003
1003
1004
1003
1003
1002
1003
1003
1003
1004
1003
1003
1003
1003
1003
1003
1003
1003
1003
1003
1002
1003
1003
1003
1003
1004
1001
1002
1003
1003
1003
1003
1002
1003
1002
1003
1003
1003
1004
1004
1004
1004
1004
1004
1004
1004
1004
1004
1004
1004
1004
1004
1004
1004
1004
1004
1004
1004
1004
1004
1004
1004
1004
1004
1004
1004
1004
1004
1004
1004
1004
1004
1004
1004
1004
1004
1004
1004
1004
1004
1004
1004
1004
1004
1004
1004
1004
1004
1004
1004
1004
1004
1004
1004
1004
1004
1004
1004
1004
1004
1004
1004
1004
1004
1004
1004
1004
1004
1004
1004
1004
1004
1004
1004
1004
1004
1004
1004
1004
1004
1004
1004
1004
1004
1004
1004
1004
1004
1004
1004
1004
1004
1004
1004
1004
1004
1004
1004
1004
1004
1004
1004
1004
1004
1004
998
970
944
919
895
873
849
826
806
785
766
746
727
709
687
670
653
637
620
605
590
576
561
546
534
521
507
495
483
471
460
449
438
427
413
403
393
384
375
365
356
348
339
328
364
466
617
807
1002
1004
1003
1002
1002
1003
1004
1003
1003
1003
1003
1003
1004
1004
1003
1004
1004
1004
1003
1003
1003
1004
1003
1004
1003
1004
1004
1003
1004
1003
1003
1002
1004
1004
1004
1004
1004
1004
1003
1004
1003
1003
1004
1003
1004
1003
1004
1004
1004
1003
1004
1004
1003
1003
1003
1004
1004
1004
1004
1004
1003
1003
1003
1003
1003
1003
1003
1003
1004
1003
1003
1004
1003
1003
1004
1004
1004
1004
1003
1004
1004
1004
1004
1004
1003
1003
1003
1004
1002
1003
1004
1003
1004
1004
1003
1003
1002
1003
1004
1003
1004
1004
1003
1004
1003
1003
1004
1003
1004
1003
1004
1004
1003
1003
1003
1003
1003
1003
1004
1003
1004
1004
1003
1003
1003
1002
1003
1003
1004
1003
1003
1003
1003
1003
1004
1003
1003
1003
1003
1003
1003
1004
1003
1003
1003
1002
1003
1002
1003
1003
1003
1003
1003
1002
1003
1002
1002
1003
1003
1003
1004
1003
1004
1002
1004
1002
1003
1003
1002
1003
1003
1003
1001
1002
1003
1002
1003
1002
1002
1002
1002
990
962
937
915
906
881
856
825
800
773
748
738
727
710
691
674
686
703
718
735
762
774
787
797
794
789
772
760
746
728
727
699
691
687
691
686
692
702
697
691
687
692
685
672
667
656
649
637
628
618
608
605
601
590
577
566
562
552
547
531
522
509
499
493
478
475
464
444
415
413
403
389
378
377
376
367
366
365
363
356
340
327
313
296
291
277
254
230
205
181
160
157
166
183
192
218
240
266
288
309
316
332
348
361
367
365
374
379
382
382
388
375
367
368
362
358
351
348
342
330
326
307
294
281
268
260
254
253
254
253
254
256
255
260
254
244
238
230
221
214
216
219
216
220
208
201
201
193
185
183
181
177
173
166
172
182
177
158
136
117
108
116
110
106
106
96
86
90
85
116
127
133
118
113
105
90
80
72
65
61
60
60
61
55
60
57
51
57
55
50
55
51
62
64
67
67
74
69
62
65
61
54
48
46
43
58
55
51
50
62
64
57
62
66
58
56
62
62
60
56
49
51
52
55
52
50
49
65
67
68
69
79
87
102
103
103
90
81
77
72
74
75
78
77
75
82
75
90
87
81
74
69
70
72
72
75
65
61
58
55
56
56
49
52
51
57
60
64
58
57
61
74
76
77
69
67
67
68
69
64
60
58
51
57
60
62
62
64
56
51
50
57
60
51
51
45
40
34
45
46
44
41
36
31
29
36
41
37
38
34
30
40
46
51
50
48
49
45
48
50
50
52
51
50
51
50
52
55
57
57
57
64
65
67
68
65
74
81
88
89
92
90
87
90
98
99
102
99
97
98
97
100
96
90
88
87
91
94
89
94
90
90
90
87
86
86
90
85
81
81
82
80
80
86
90
89
87
85
82
80
87
88
86
86
81
85
84
89
81
85
88
94
90
86
87
90
90
96
98
93
94
94
100
102
104
102
94
89
89
99
103
102
92
84
82
90
101
106
110
108
98
94
108
123
127
127
124
122
116
127
137
142
138
135
125
124
128
130
133
135
126
125
120
127
136
146
141
135
130
132
137
151
148
144
142
135
135
133
138
147
147
149
142
142
137
148
151
151
151
150
151
161
166
171
172
171
170
168
168
171
176
175
176
170
171
177
188
190
195
195
196
200
204
205
208
205
198
200
189
183
173
168
168
162
162
161
170
172
176
180
175
170
166
172
171
169
166
162
157
151
151
151
148
139
136
133
127
128
125
123
117
116
116
108
97
97
96
90
86
84
85
81
76
65
62
61
67
70
75
76
77
74
67
67
67
64
58
50
45
41
40
38
37
37
33
31
29
27
27
26
22
22
22
21
20
21
22
26
28
28
29
29
28
27
27
24
28
27
25
22
20
18
17
19
19
18
15
14
12
12
14
12
10
10
10
10
9
10
9
9
15
17
15
14
13
12
14
15
14
12
12
10
10
10
10
10
10
9
9
8
8
8
8
8
8
8
8
8
8
8
8
7
7
7
7
7
8
8
8
8
8
7
8
8
8
7
7
7
7
7
7
8
7
7
7
7
7
7
7
7
7
7
7
7
7
7
7
7
8
7
7
7
7
7
7
7
8
8
8
8
8
8
7
8
8
8
8
10
9
9
9
8
10
9
14
14
17
17
14
14
12
12
10
17
20
18
17
15
13
12
10
10
12
14
17
18
17
15
15
14
14
14
13
12
10
10
12
10
10
9
9
9
8
8
8
9
9
9
8
8
8
9
9
8
8
8
8
7
9
8
8
8
8
8
7
7
8
8
8
8
8
8
8
8
8
8
8
8
8
7
7
7
7
7
7
7
7
7
7
7
7
7
8
8
8
8
8
8
8
8
8
8
8
8
8
8
8
7
7
8
8
8
8
8
7
7
7
7
8
8
8
7
7
7
7
8
7
7
7
7
7
9
10
12
12
10
10
9
10
10
10
9
10
9
9
9
9
9
8
8
9
8
9
9
10
10
9
9
9
8
8
9
9
9
9
9
12
28
32
36
38
33
31
32
43
43
41
42
48
49
51
58
55
51
46
42
38
32
29
27
28
37
31
28
24
22
20
19
19
18
17
19
18
18
17
20
41
66
88
87
82
78
76
77
70
62
55
48
43
45
86
144
209
273
326
368
403
437
476
495
474
423
362
337
319
296
270
247
224
209
192
180
173
173
181
171
161
151
142
132
126
125
108
96
81
72
63
57
55
48
45
45
43
45
45
50
56
66
70
78
89
99
110
123
125
136
150
157
153
158
146
148
142
126
122
113
103
99
114
106
90
80
80
70
74
70
72
80
86
89
86
80
90
88
93
82
76
76
76
75
68
69
72
69
67
67
69
85
86
78
88
85
80
77
91
108
113
109
116
117
124
128
134
130
128
130
126
124
126
116
116
104
97
87
84
79
76
69
65
67
64
61
65
67
70
72
75
80
78
72
67
69
65
58
74
113
130
130
115
106
102
99
101
104
120
148
157
178
199
211
224
245
244
249
243
229
218
220
218
211
217
218
213
211
219
223
225
225
220
196
181
189
187
186
162
148
133
123
106
90
87
86
77
80
84
94
104
102
108
108
116
108
97
93
96
94
86
87
88
103
100
103
116
134
187
252
301
330
348
341
326
306
294
291
265
233
217
223
217
228
232
247
257
254
240
224
214
195
171
151
135
122
108
96
93
81
70
70
67
62
57
60
57
52
55
55
54
69
65
61
56
52
48
43
41
45
45
43
48
48
49
48
50
48
48
48
52
48
48
49
42
45
42
41
37
34
31
30
43
41
44
46
42
42
51
45
48
46
45
50
48
46
48
46
45
43
42
38
49
48
42
46
49
45
48
45
43
41
41
40
43
42
41
41
42
40
43
45
41
38
41
43
42
43
38
37
33
30
30
29
31
28
26
28
29
32
36
31
33
36
39
40
38
38
41
41
41
43
40
48
43
42
41
39
37
46
45
41
44
41
38
46
48
42
41
41
41
38
41
41
42
41
42
48
49
45
45
49
43
51
49
48
48
45
50
61
68
61
55
56
57
57
52
52
56
62
67
60
52
51
50
50
49
43
42
38
37
33
33
32
32
33
36
37
33
30
29
30
31
30
34
38
38
33
32
30
32
34
32
33
33
31
29
30
43
40
38
46
42
42
38
33
32
32
33
36
36
33
30
30
29
31
33
38
38
36
38
37
40
37
36
39
33
32
30
29
37
32
31
29
31
30
30
32
31
34
30
29
29
37
33
31
31
29
37
37
42
42
42
38
33
36
32
37
37
33
33
31
32
33
31
32
33
31
29
34
33
31
30
30
31
29
27
27
27
24
27
30
30
27
27
28
28
27
28
30
37
33
31
30
29
37
32
34
32
30
28
32
41
41
38
33
31
29
27
31
31
31
31
29
28
27
31
31
36
37
36
36
37
42
39
38
40
34
32
33
39
43
43
40
38
37
36
31
36
33
31
29
30
38
36
33
31
31
37
41
41
46
43
48
48
42
37
42
42
44
43
41
41
38
36
39
37
41
36
32
33
38
48
42
41
38
36
40
37
40
38
38
36
32
33
37
39
36
33
33
33
36
41
37
37
32
50
46
46
48
45
39
37
40
42
50
43
46
45
41
45
49
44
46
41
41
42
43
40
40
37
31
36
31
29
27
24
29
31
32
36
36
31
29
32
33
38
38
41
37
33
30
29
28
28
29
29
28
29
29
27
27
29
28
29
28
40
40
38
38
36
33
33
33
36
31
32
31
30
30
33
33
33
32
36
31
37
33
33
31
29
29
27
26
22
29
36
33
38
37
37
32
38
32
31
31
31
29
28
29
31
30
28
27
24
27
28
26
42
41
37
36
37
38
41
45
42
38
33
37
37
36
41
38
38
41
38
38
37
38
36
38
44
49
46
43
38
38
38
42
38
38
40
38
45
46
46
41
49
45
41
39
48
42
38
37
33
36
34
37
41
44
42
38
33
30
38
43
41
41
42
42
41
38
37
37
37
36
31
42
40
38
38
40
37
37
37
45
48
43
38
36
32
31
30
30
34
32
32
33
37
38
38
41
38
36
32
31
37
37
34
34
32
31
32
34
40
58
51
49
50
46
45
45
41
38
33
31
31
31
31
32
29
37
33
30
31
38
36
38
40
38
40
33
31
31
33
40
42
38
41
37
40
38
41
41
46
48
42
43
41
40
39
41
42
46
48
49
43
45
42
40
38
41
49
51
55
49
45
41
46
49
55
50
45
40
39
34
37
40
43
43
38
34
41
42
45
45
41
43
46
42
41
37
48
49
42
42
37
39
40
37
37
36
40
42
50
56
50
45
42
45
45
48
45
49
44
42
41
38
36
31
32
33
31
29
36
37
38
36
38
41
40
43
45
41
42
43
41
38
40
40
41
42
41
37
40
40
37
38
41
37
40
42
45
45
43
40
38
44
44
49
49
46
49
56
55
52
52
60
56
51
48
43
50
46
43
49
48
44
41
43
40
41
43
41
41
42
43
42
40
46
57
51
49
50
45
43
41
43
43
40
40
36
32
38
40
37
40
36
33
36
40
37
36
32
41
41
40
39
43
45
42
42
41
48
50
44
49
49
45
40
37
46
43
41
41
40
37
43
41
46
52
48
43
41
45
45
45
45
42
40
51
56
50
48
55
52
55
50
45
41
41
43
41
40
38
42
38
42
43
49
49
52
51
46
46
49
46
43
40
37
38
45
49
48
42
38
37
38
38
36
36
37
31
30
31
30
33
41
37
31
32
36
40
38
38
33
31
32
36
36
33
36
31
30
33
30
39
38
36
32
37
37
38
40
40
37
37
33
30
29
34
33
36
37
38
41
40
37
33
30
28
27
24
29
28
24
22
22
20
21
20
19
18
22
24
22
29
28
24
21
19
22
25
36
36
37
33
33
31
31
31
36
45
41
38
32
32
37
36
37
32
31
31
38
46
43
37
43
41
40
37
32
30
29
29
33
32
38
37
36
31
36
44
43
41
36
31
28
29
36
32
40
48
53
51
48
46
46
48
52
48
41
37
45
49
48
48
43
43
42
45
41
48
49
46
51
46
42
42
42
45
44
42
42
40
46
43
43
46
41
41
50
52
46
46
45
43
38
46
48
46
46
43
41
38
38
44
42
46
44
41
37
40
43
45
48
45
41
42
39
38
34
45
43
42
41
39
38
41
45
50
49
46
51
50
50
49
49
46
49
48
46
42
42
37
41
38
38
41
40
38
38
41
42
39
37
32
31
32
31
34
31
30
30
28
30
31
31
30
31
29
28
28
29
33
30
28
29
27
28
28
28
28
33
41
42
37
34
31
29
29
30
37
33
32
31
28
28
25
29
30
37
42
41
38
38
40
40
36
37
33
30
30
33
30
32
29
28
28
27
26
24
27
27
40
43
42
51
48
43
43
41
45
42
37
31
46
46
42
41
38
45
43
38
32
30
31
30
28
36
31
31
29
27
29
34
33
33
32
33
33
30
30
39
36
31
31
29
29
30
31
33
33
33
36
36
37
33
31
29
28
27
27
28
30
31
32
29
30
33
40
40
37
43
41
42
41
38
41
37
38
33
36
40
40
33
31
33
31
36
33
30
29
29
29
27
27
26
24
29
29
28
28
28
37
44
50
46
51
52
48
44
43
48
50
52
50
52
49
49
43
46
48
43
40
46
45
43
43
38
38
38
39
37
37
38
40
37
36
38
39
37
36
36
41
40
49
52
50
45
45
42
42
39
34
31
29
28
32
37
42
45
40
38
38
33
37
38
38
37
32
29
29
30
33
32
30
37
40
40
37
37
32
29
31
31
31
30
32
31
29
28
27
25
22
31
29
29
28
30
36
33
36
33
36
36
36
33
36
32
32
34
31
33
31
45
44
40
34
31
32
31
33
37
36
32
30
31
30
29
36
41
46
42
41
38
32
30
33
33
38
34
31
30
30
30
32
40
37
37
32
31
29
27
28
24
28
28
28
27
28
32
31
30
37
41
38
34
30
31
30
29
29
30
30
31
33
37
36
37
33
31
32
32
33
38
32
29
29
31
29
28
27
29
41
37
37
33
40
37
37
31
36
32
32
31
31
37
36
32
33
36
37
41
44
45
42
41
39
33
32
32
31
29
30
29
29
31
33
32
31
28
27
31
32
42
40
37
32
29
29
30
31
39
36
32
29
29
28
28
27
22
27
31
36
38
40
36
33
32
33
30
30
32
36
37
36
43
43
43
43
42
41
38
38
34
33
36
33
43
41
37
33
33
38
36
36
40
37
32
32
34
33
32
32
30
36
36
36
34
31
29
31
41
37
36
41
36
32
42
46
49
46
43
38
33
31
41
43
40
42
42
40
38
42
40
40
42
46
42
46
42
42
41
40
38
36
38
45
48
48
45
43
40
43
42
43
50
48
41
38
34
41
46
50
48
46
45
45
43
42
45
49
44
40
40
39
37
38
36
38
41
46
42
38
33
36
37
42
41
39
37
36
33
33
37
45
42
41
39
33
37
33
36
40
38
33
33
31
29
30
33
34
33
30
33
37
31
29
30
32
33
45
46
42
49
44
39
37
41
41
50
52
48
46
46
49
45
43
40
37
36
31
38
41
55
48
42
41
38
36
32
40
54
61
56
49
49
48
48
50
48
46
46
48
48
51
55
58
60
62
60
60
64
67
72
72
85
84
81
84
87
84
84
81
78
81
85
85
84
84
86
96
108
115
111
114
115
123
130
148
161
169
171
171
180
186
199
211
223
229
233
242
244
253
256
276
279
284
290
291
301
320
331
346
338
338
344
341
351
355
350
351
348
350
344
338
344
344
334
330
319
316
308
305
300
286
286
273
264
258
257
252
247
234
224
216
216
210
208
197
183
166
162
158
159
147
135
123
110
106
104
108
102
102
94
88
77
74
70
69
66
64
65
60
57
61
70
66
69
80
80
88
94
108
117
128
136
140
148
160
168
178
186
192
204
214
214
224
233
235
247
255
244
255
252
262
268
265
266
268
262
266
261
272
282
274
265
257
262
268
274
281
267
274
270
272
274
284
286
288
282
276
272
266
257
265
271
270
266
266
249
261
261
254
252
249
249
247
241
241
240
242
242
240
244
238
240
240
237
241
235
243
247
259
258
257
259
256
260
267
278
284
283
283
289
290
300
307
319
321
321
326
327
327
340
344
365
369
358
357
362
368
378
375
374
377
382
379
391
396
406
397
402
394
401
397
397
389
378
378
388
382
382
379
379
381
379
374
375
379
387
388
378
374
368
366
373
375
369
367
362
350
355
349
339
337
321
320
312
297
280
266
256
247
240
225
207
188
177
161
145
122
115
102
89
80
76
75
69
69
69
68
64
65
68
67
72
70
73
69
70
76
81
75
85
87
80
87
87
96
100
90
91
85
92
103
108
104
108
109
114
103
103
117
106
98
94
87
88
84
75
74
63
56
57
55
60
52
50
49
45
46
52
52
49
51
48
50
51
62
61
60
61
75
70
77
72
74
75
77
81
84
77
77
78
76
81
80
69
69
65
60
62
55
49
48
42
41
43
42
46
46
45
51
60
70
75
76
84
90
96
103
113
122
127
135
142
130
128
134
137
133
148
134
134
125
110
115
108
98
88
87
77
70
68
72
68
72
75
76
77
76
78
74
69
67
63
60
60
60
51
56
54
52
50
52
54
50
48
50
52
53
54
51
48
43
43
41
42
43
41
40
52
61
57
60
69
74
74
87
87
87
97
103
106
114
112
114
114
120
116
123
130
124
115
114
108
108
100
89
87
82
84
74
70
64
58
52
50
57
60
53
52
52
57
50
46
42
41
38
40
42
45
42
42
45
46
43
41
41
39
42
42
46
42
40
41
52
51
50
49
43
49
51
48
51
55
51
52
53
49
48
46
42
37
33
39
40
55
65
66
74
75
77
77
86
87
89
104
106
116
112
120
104
113
118
127
122
128
127
126
145
161
173
170
187
192
210
209
243
254
278
301
319
328
350
357
374
389
409
456
536
654
788
926
1004
1004
1004
1004
1004
1004
1004
1004
1004
1004
1004
1004
1004
1004
1004
1004
1004
1004
1004
1004
1004
1004
1004
1004
1004
1004
1004
1004
1004
1004
1004
1004
1004
1004
1004
1004
1004
1004
1004
1004
1004
1004
994
973
964
941
937
905
896
868
849
824
808
797
798
792
776
772
762
762
749
757
735
727
725
716
720
712
685
682
673
658
657
661
658
663
661
655
654
661
670
675
685
696
698
696
702
701
708
713
727
722
716
713
712
712
720
729
729
729
729
736
732
739
746
738
747
749
738
733
736
728
729
722
717
718
716
701
693
674
661
665
656
656
648
619
607
600
590
572
561
550
541
523
504
497
490
488
483
471
461
447
434
426
428
414
394
393
378
373
364
349
337
322
308
306
293
276
264
247
235
230
210
211
207
186
176
159
159
150
135
130
124
114
99
85
79
86
77
68
61
67
64
56
55
52
55
55
53
62
62
69
74
70
70
66
64
65
60
61
60
55
57
55
48
42
44
45
48
51
52
55
56
56
52
56
62
76
80
85
80
80
77
86
89
100
100
90
93
106
108
104
112
105
106
96
86
81
82
78
74
67
62
57
63
60
58
55
52
48
48
45
42
38
37
51
49
51
62
55
52
53
57
74
87
84
86
81
86
89
98
103
114
109
114
111
120
134
147
141
138
148
146
151
154
160
172
172
177
173
175
177
182
189
196
190
192
196
211
216
236
235
230
230
228
233
236
248
238
230
216
196
187
186
184
168
159
149
135
135
124
116
116
113
105
110
98
98
99
90
88
88
78
74
64
64
78
73
69
69
65
60
57
60
62
62
76
86
86
85
86
103
118
137
154
173
170
181
205
218
230
253
278
274
286
301
306
307
300
297
293
282
261
243
219
213
197
196
195
213
225
254
289
308
340
379
410
440
469
496
521
552
572
594
624
633
646
672
678
685
696
696
716
712
727
734
748
757
772
808
835
861
873
895
907
921
927
948
957
956
965
973
972
982
975
1001
1002
1002
1002
1002
1002
1004
1003
1003
1002
1003
1003
1003
1003
1003
1003
1004
1003
1003
1003
1003
1003
1004
1004
1004
1004
1003
1004
1003
1003
991
974
970
950
931
914
883
845
802
763
716
681
624
567
518
469
430
378
339
298
276
243
218
190
183
160
147
130
117
106
108
114
124
127
147
151
144
157
166
180
199
205
220
233
259
298
350
405
476
557
634
720
812
908
1001
1004
1004
1004
1004
1004
1004
1004
1004
1004
1004
1004
1004
1004
1004
1004
1004
1004
1004
1004
1004
1004
1004
1004
1004
1004
1004
1004
1004
1004
1004
1004
1004
1004
1004
1004
1004
1004
1004
1004
1004
1004
1004
1004
1004
1004
1004
1004
997
1004
996
985
996
996
998
999
994
980
988
987
990
1004
1004
1004
1004
1004
1004
1004
1004
1004
1004
1004
1004
1004
1004
1004
1004
1004
1004
1004
1004
1004
1004
1004
1004
1004
1004
1004
1004
1004
1004
1004
1004
1004
1004
1004
1004
1004
1004
1004
1004
1004
1004
1004
1004
1004
1004
1004
1004
1004
1004
1004
1004
1004
1004
1004
1004
1004
1004
1004
1004
1004
1004
1004
1004
1004
1004
1004
1004
1004
1004
1004
1004
1004
1004
1004
1004
1004
1004
1004
1004
997
988
961
941
926
913
898
860
811
770
754
759
770
796
813
806
800
780
760
757
766
797
831
859
876
894
907
902
898
897
895
879
861
846
846
854
855
834
819
813
808
787
782
762
746
727
708
681
661
640
608
581
555
521
490
460
436
408
382
354
337
338
308
298
282
276
274
262
258
264
260
272
268
281
300
300
317
325
327
338
348
351
364
375
377
387
382
387
399
430
445
462
485
493
507
518
505
497
489
481
477
462
442
429
405
381
356
349
330
322
309
277
247
210
183
161
144
134
127
116
116
114
103
99
93
90
88
81
96
88
87
98
112
136
159
181
198
223
246
257
265
267
264
271
264
254
242
236
223
208
200
185
170
154
162
169
172
176
162
169
157
157
157
158
142
128
115
102
103
98
89
82
80
86
84
75
74
75
68
78
76
77
76
76
81
75
86
85
93
97
126
157
172
189
199
199
199
198
199
199
217
235
247
253
259
266
272
277
273
274
272
270
267
264
268
278
296
308
331
355
381
412
451
475
493
485
475
470
469
470
466
459
446
418
406
389
367
360
367
363
369
369
373
379
388
384
381
375
367
360
348
327
294
248
220
189
176
181
199
216
230
248
264
274
288
315
331
339
346
338
346
354
350
343
321
315
301
297
288
274
254
253
229
222
217
204
198
190
190
189
192
199
184
201
204
216
234
281
320
365
387
414
468
493
502
508
499
485
474
475
470
474
481
481
505
521
532
517
508
496
485
458
446
438
430
415
391
374
373
379
368
365
353
338
343
349
352
330
354
367
373
354
313
290
283
289
329
350
426
468
522
569
634
673
740
800
861
893
919
926
942
946
980
988
994
1001
1001
1001
1002
1002
1003
1002
1003
1002
1002
1002
999
997
985
976
970
950
941
928
915
902
888
883
880
881
880
879
893
926
966
1001
1001
1001
1002
1003
1003
1002
1003
1004
1002
1003
1002
1002
1001
1003
1002
1003
1003
1002
1002
1002
1003
1003
1003
1002
1002
1002
1003
1003
1003
1003
1003
1002
1002
1004
1003
966
906
848
784
712
644
570
497
424
366
329
312
306
303
303
308
328
356
385
412
449
485
522
561
601
640
675
708
744
769
805
838
866
881
876
932
1004
1004
1004
1004
1004
961
905
847
800
762
728
701
675
654
639
628
614
604
600
594
581
567
556
545
536
528
522
513
508
505
500
500
501
499
490
481
469
460
454
446
430
413
406
401
391
384
384
382
381
379
375
374
373
369
370
373
369
368
368
373
376
379
381
378
377
378
377
375
369
369
366
364
361
357
354
349
343
341
334
322
312
306
297
290
278
268
257
252
243
234
228
220
210
196
182
172
166
153
128
124
158
225
343
497
657
814
961
1002
1001
1001
1002
1002
1002
1002
1002
1002
1002
1001
1002
1002
1002
1003
1003
1002
1001
1001
1002
1002
1002
1003
1003
1002
1002
1002
1002
1002
1001
1001
1002
1002
1002
1003
1001
1002
1001
1001
1002
1002
1001
1002
1002
1003
1002
1002
1001
987
970
957
941
926
913
894
876
858
842
823
805
786
770
754
739
727
711
694
685
675
666
658
654
646
642
641
641
637
636
632
629
627
624
619
615
607
605
607
608
606
602
600
594
588
588
590
590
591
592
591
590
592
596
597
597
601
602
604
605
605
604
602
601
598
594
594
590
586
581
578
572
567
558
552
544
541
533
526
521
514
508
502
499
494
487
481
475
464
457
452
456
454
452
449
441
439
437
429
425
423
417
412
404
397
388
379
375
368
363
355
349
340
331
325
317
312
307
302
297
292
290
286
280
277
272
265
261
257
252
243
235
225
217
211
207
206
200
199
196
195
192
189
188
189
196
199
198
196
197
198
199
201
201
204
207
213
216
218
220
224
230
235
238
243
248
247
247
252
253
254
256
261
261
266
273
278
283
288
293
294
298
303
306
309
312
315
319
326
328
328
330
333
330
329
329
328
328
334
337
338
337
338
340
342
346
352
356
362
368
377
382
393
402
408
416
427
436
442
451
458
464
469
476
478
481
483
483
481
481
478
472
465
460
452
447
442
439
433
427
416
410
404
402
399
392
386
381
384
387
390
391
392
393
393
392
393
392
390
388
388
386
384
385
386
381
381
378
375
372
369
369
365
365
365
363
363
364
363
363
363
365
365
365
365
365
365
367
368
368
373
369
373
373
367
361
355
357
357
351
341
336
327
316
306
294
282
268
256
244
233
223
212
205
199
192
188
182
176
170
163
163
162
161
161
161
159
158
158
153
150
148
145
142
138
138
142
137
134
130
124
121
116
112
104
100
100
106
108
109
108
109
113
114
116
120
122
123
125
127
133
136
144
145
147
144
144
141
137
136
133
124
118
115
113
112
111
109
109
110
112
110
112
114
113
113
110
106
104
106
111
116
122
125
130
133
137
147
159
161
160
161
161
162
162
159
161
166
168
170
175
177
182
186
187
188
188
186
185
181
176
169
153
142
126
112
97
84
70
62
57
57
60
62
67
69
76
78
85
85
78
74
69
60
51
45
40
41
38
41
45
45
50
55
64
75
87
102
115
127
148
163
182
199
216
230
242
256
270
283
294
306
316
328
341
355
365
375
386
393
402
409
422
427
436
442
448
457
470
475
470
470
474
478
481
488
495
496
496
497
495
495
494
494
489
484
477
471
469
468
466
465
464
462
461
460
459
457
457
459
456
452
450
446
441
435
427
417
412
405
399
391
382
375
365
355
348
337
325
315
300
288
277
266
255
248
243
236
230
226
222
218
214
211
208
204
199
200
207
211
211
216
220
219
214
213
216
220
214
208
207
207
208
207
201
199
198
198
200
200
196
198
197
196
197
200
213
222
224
225
233
238
247
256
267
276
283
291
298
301
305
307
309
309
308
302
297
289
280
272
264
258
260
257
249
241
235
229
224
220
214
209
207
205
201
200
199
205
208
211
297
338
330
325
284
244
226
221
228
254
288
317
330
340
341
339
336
331
322
319
297
289
286
293
293
289
286
288
301
313
319
319
317
320
321
316
309
298
288
274
265
262
270
273
265
257
255
252
249
254
257
272
266
246
238
231
233
220
209
199
192
187
188
180
169
158
144
127
116
110
104
114
106
91
78
68
61
52
46
41
36
32
37
81
90
108
108
96
88
78
77
77
77
78
78
74
67
79
78
68
60
51
45
39
33
30
28
26
22
20
18
17
15
22
27
38
70
112
112
96
84
76
76
78
86
99
112
117
124
124
122
122
128
150
161
142
125
120
126
136
145
153
162
169
170
173
169
160
153
149
147
144
157
187
189
166
138
122
106
94
87
87
86
76
65
60
87
88
85
97
93
80
77
67
58
61
56
52
48
43
45
46
46
52
52
52
56
51
50
45
46
44
45
52
49
56
62
64
70
74
73
74
75
77
78
79
81
81
76
76
75
74
69
67
64
56
51
50
46
46
46
42
40
38
40
40
41
40
42
41
48
57
68
72
72
80
92
96
102
103
110
122
133
144
151
160
161
160
171
181
183
177
177
183
189
196
199
200
207
196
183
172
160
148
133
115
104
106
99
88
77
67
57
60
64
60
50
44
38
33
30
30
41
56
52
52
48
42
37
32
28
31
38
33
30
28
24
22
26
22
22
21
29
29
27
22
21
19
21
31
40
41
40
36
30
27
27
29
31
32
31
28
26
25
21
21
19
18
16
22
26
27
24
21
19
19
18
19
29
28
29
31
41
51
60
67
80
89
97
104
113
123
135
145
153
161
168
172
177
185
190
192
192
189
182
177
171
176
185
189
189
197
207
216
225
237
248
262
276
290
307
320
331
344
355
366
382
402
424
439
452
466
483
505
528
525
521
526
532
537
543
546
561
568
578
586
588
586
583
578
569
559
540
522
509
494
474
456
440
416
398
382
365
356
346
337
325
316
309
306
294
293
283
282
267
257
253
247
246
243
250
255
246
243
248
247
249
255
261
264
264
264
262
258
249
246
243
243
246
253
256
268
290
283
289
300
313
325
336
343
349
355
361
367
365
364
351
346
345
344
346
339
349
339
332
325
321
320
317
317
316
313
314
312
310
312
309
315
316
308
297
280
267
262
255
258
267
257
238
220
204
196
190
192
198
190
187
181
176
176
189
216
208
189
173
171
163
150
137
127
128
118
122
120
122
108
105
94
88
87
84
78
81
77
80
88
94
100
109
114
106
108
113
122
127
136
147
157
149
153
138
125
122
117
123
123
115
113
108
110
109
112
116
122
118
123
115
122
136
134
134
142
152
161
182
196
190
196
205
216
223
243
249
254
253
256
268
267
272
276
281
280
276
277
276
273
270
266
264
265
266
270
274
273
281
284
291
297
298
307
310
326
331
336
340
341
334
327
325
322
320
317
313
310
304
304
294
286
276
272
271
257
252
242
244
248
243
229
235
225
223
216
228
225
230
235
238
244
244
247
225
218
207
204
205
208
221
217
208
207
199
195
182
170
166
162
159
163
157
163
153
148
142
133
124
124
124
126
125
126
135
136
137
136
135
126
124
115
116
120
126
134
137
137
137
135
130
136
126
128
134
137
137
142
149
158
151
149
150
157
157
154
150
149
156
158
158
157
157
157
158
160
166
168
169
175
187
192
200
192
196
200
208
210
214
218
216
229
233
223
220
220
217
218
223
216
209
221
212
209
211
213
207
218
225
234
248
262
282
289
291
297
307
326
343
360
375
388
396
406
412
427
445
447
450
461
464
462
454
450
446
442
442
449
442
442
436
426
408
396
388
375
367
364
362
361
351
341
340
328
314
303
294
284
283
265
259
255
252
244
240
235
228
224
211
201
197
192
189
182
174
166
157
145
134
149
125
110
96
80
69
61
52
46
41
48
54
60
75
89
94
98
109
117
128
145
149
159
163
166
170
175
175
181
187
199
208
209
214
217
233
255
270
273
281
280
297
300
313
320
329
341
348
346
341
329
327
325
327
322
327
326
321
312
307
306
301
296
289
281
272
256
238
225
211
209
190
189
187
187
182
170
164
151
142
135
136
135
136
136
134
125
113
114
109
103
103
94
85
75
74
65
57
50
46
41
37
31
32
31
28
28
27
22
20
21
30
36
40
48
50
52
56
61
62
64
63
58
58
62
55
61
62
61
55
49
55
67
76
81
85
81
74
82
88
102
110
115
117
124
134
142
136
136
136
137
133
137
142
133
126
109
101
89
92
86
90
97
102
100
106
102
112
138
157
161
160
153
154
158
153
135
133
133
125
122
128
125
124
124
112
114
102
113
121
134
148
161
175
197
209
223
235
236
235
255
254
253
247
255
245
252
233
224
216
207
192
192
188
183
178
168
145
142
132
114
110
100
87
76
65
77
80
81
70
62
55
57
50
49
44
55
49
43
48
43
40
45
42
45
41
43
41
41
44
43
38
34
30
28
37
33
30
27
37
45
48
60
76
80
96
106
103
103
112
122
136
147
148
151
158
166
175
182
185
188
188
194
207
204
212
208
193
195
200
200
207
223
229
223
220
216
217
220
230
240
220
216
210
208
214
223
246
243
264
247
249
229
221
220
220
223
225
228
235
262
243
240
235
237
236
234
254
235
223
206
210
199
197
187
184
195
172
158
182
160
199
185
175
175
171
173
171
168
159
151
141
132
116
113
109
113
114
118
123
128
139
160
173
182
192
202
214
224
238
261
261
272
281
286
302
310
317
320
322
322
321
316
313
309
306
303
303
302
307
316
322
327
336
339
346
355
362
365
370
377
396
396
397
408
418
437
449
462
466
469
483
494
492
489
484
483
475
464
456
442
428
416
413
403
393
384
368
356
343
330
321
315
306
307
293
284
281
274
272
268
264
257
262
261
257
250
245
238
230
222
213
207
198
195
187
182
177
171
169
168
169
170
170
171
173
176
182
189
196
200
209
211
216
218
221
223
224
225
226
228
230
233
234
236
242
243
247
252
252
253
252
248
246
247
253
253
248
246
243
242
238
236
236
234
234
236
243
240
248
241
231
233
235
240
247
252
256
262
264
267
266
266
264
266
262
266
276
265
261
257
254
253
252
268
282
255
235
226
224
223
223
224
223
218
214
214
214
214
216
218
218
222
224
223
219
218
217
218
218
216
214
217
220
225
230
236
238
243
248
253
259
264
278
289
268
278
261
252
248
235
224
213
207
197
192
185
180
175
192
190
170
151
136
125
116
109
113
123
132
128
134
116
110
112
122
108
94
88
88
88
88
87
113
111
96
86
85
86
86
87
85
84
79
77
76
74
72
81
106
106
116
116
120
127
147
161
161
159
165
176
194
201
201
205
210
209
192
189
189
190
197
201
207
201
204
205
207
205
199
196
197
196
197
207
202
199
196
196
201
208
206
201
204
205
202
200
198
199
199
200
207
216
200
192
189
188
189
199
205
214
205
206
207
211
218
224
218
225
233
228
228
233
233
229
226
225
229
233
235
233
234
235
243
243
244
241
238
233
235
235
235
229
229
225
221
223
221
236
224
220
223
228
237
243
241
237
236
237
238
248
237
234
213
205
189
176
169
169
166
161
159
153
142
133
127
133
136
124
125
130
123
110
108
109
121
123
127
122
116
115
115
115
117
115
110
110
124
120
127
128
122
120
120
124
134
138
148
145
144
162
162
168
162
161
161
158
161
158
145
144
136
136
142
148
153
151
156
148
159
148
151
149
150
154
163
170
170
166
170
163
170
171
168
168
171
170
171
181
183
183
182
183
182
186
189
189
199
195
196
187
188
181
171
169
175
177
176
182
180
186
183
188
187
184
183
182
181
186
189
189
197
207
214
223
229
228
234
230
230
216
213
218
217
216
218
225
234
234
225
220
216
224
217
216
214
223
225
229
240
235
218
230
225
226
223
228
229
235
242
248
254
262
273
274
283
277
268
271
272
279
298
297
290
295
297
310
309
316
307
306
307
296
294
288
283
293
297
296
291
302
298
305
308
312
315
316
320
316
308
307
312
315
316
316
319
327
322
331
325
329
315
309
300
293
297
286
289
281
278
278
261
244
233
226
225
220
223
214
209
206
205
192
189
209
190
180
185
183
175
166
168
162
161
169
163
149
152
161
169
169
169
170
171
177
183
188
197
200
210
219
223
228
238
261
248
246
243
234
229
233
235
233
236
243
230
224
217
230
230
226
229
236
235
235
237
240
249
254
262
271
277
281
280
269
254
244
238
237
243
234
243
223
210
209
198
210
197
170
154
142
128
126
134
149
127
137
123
110
96
89
78
85
100
109
123
123
106
92
82
91
132
185
234
268
281
307
300
325
297
289
507
610
672
601
746
846
816
807
870
890
948
915
961
925
797
793
785
760
729
670
655
637
595
532
451
381
328
284
253
238
240
208
200
237
273
283
264
226
193
176
163
169
176
176
168
152
136
124
113
105
102
98
94
88
84
72
62
53
49
43
41
56
50
43
46
52
57
62
62
68
70
72
78
88
93
94
93
90
90
88
76
66
58
52
46
43
51
67
72
69
68
61
54
56
57
54
51
64
57
50
42
39
33
30
30
30
40
42
46
50
50
57
67
72
72
75
77
80
80
79
79
80
80
80
80
84
86
89
90
90
94
96
116
129
128
124
116
108
104
96
87
80
70
61
55
48
41
36
31
32
49
55
57
65
70
77
74
74
70
64
62
64
64
61
68
80
88
97
106
114
125
142
158
175
190
209
228
237
240
241
237
209
210
283
328
355
373
373
377
376
367
351
336
321
309
301
292
282
270
267
258
256
248
242
233
223
214
