Fri Apr 12 21:18:17 EDT 2019
UDP server up and listening
135
116
117
124
158
170
168
147
132
116
121
172
180
175
170
148
134
130
128
118
113
108
110
103
117
110
109
120
120
125
125
106
114
103
123
127
127
148
136
127
128
112
114
133
134
154
149
137
128
112
134
122
157
162
159
137
168
153
175
172
161
148
134
136
142
128
126
123
137
162
175
153
128
186
194
211
228
201
187
161
145
145
190
189
185
163
149
135
173
207
201
188
170
170
156
165
162
151
229
217
195
195
181
169
192
217
218
213
213
187
168
173
168
196
189
186
196
189
175
196
237
221
221
228
214
226
214
237
265
288
309
277
259
249
307
315
331
301
283
247
230
242
237
281
259
260
248
236
240
235
229
244
246
253
238
322
312
302
265
274
327
292
270
294
341
339
328
337
376
330
341
384
415
462
414
404
355
330
313
284
262
288
294
312
279
247
273
246
243
267
246
220
223
270
261
270
270
237
211
229
273
292
296
267
247
249
264
289
282
253
255
282
266
244
246
223
244
235
270
252
240
209
189
181
214
225
242
262
242
209
220
235
214
187
168
196
209
268
257
281
334
331
337
293
268
302
301
294
355
329
301
258
247
225
223
259
253
236
220
192
189
243
266
273
265
243
213
220
258
266
262
232
201
175
190
181
232
282
286
247
220
207
192
235
261
256
233
221
188
182
218
233
237
234
214
200
217
197
206
189
198
175
176
166
210
240
254
264
228
192
200
197
242
220
209
206
177
163
221
205
192
182
189
166
142
192
205
205
196
186
180
159
189
176
170
170
170
186
169
161
159
189
207
237
253
237
234
207
233
262
293
331
302
267
240
247
264
257
274
252
273
256
236
241
276
280
267
252
223
214
199
208
199
217
214
246
247
269
246
252
250
254
236
234
214
202
220
253
246
233
226
253
230
209
186
216
218
223
224
224
229
201
229
228
249
249
234
284
297
267
259
278
256
248
238
230
218
213
253
265
248
246
224
211
224
218
280
284
253
233
201
193
205
225
262
226
230
210
204
302
317
329
328
298
265
230
214
196
183
171
173
237
273
252
247
228
201
176
170
172
217
209
198
181
156
200
209
286
277
247
216
188
218
306
322
337
300
256
221
248
303
340
336
310
276
243
243
246
240
253
238
261
228
207
199
205
190
228
220
206
201
183
192
180
185
182
175
163
180
164
160
157
182
200
213
218
225
210
209
192
182
187
198
199
222
205
199
201
254
306
278
257
259
252
236
216
199
229
204
188
189
168
169
177
196
229
218
210
201
237
262
254
240
223
207
204
238
326
322
296
262
255
235
234
216
190
188
173
207
208
265
244
221
228
246
230
273
254
222
190
169
237
296
321
291
281
257
254
243
223
200
212
193
170
151
185
195
192
169
159
137
117
103
116
183
214
221
189
168
147
122
110
108
134
157
192
186
161
134
114
136
253
273
240
210
187
214
270
337
322
278
256
233
205
198
176
153
161
170
150
172
169
160
247
247
254
235
201
175
221
228
200
171
160
208
270
339
310
265
224
189
162
138
121
110
103
104
172
183
161
142
123
115
103
135
133
168
173
151
136
122
158
313
381
340
290
246
209
180
160
147
193
262
312
274
235
216
186
163
148
129
126
158
181
217
266
326
394
472
547
507
493
483
466
438
422
386
484
464
396
382
480
646
868
1004
1003
1004
1003
1004
1003
1004
1004
1004
1004
1004
1003
987
842
720
620
552
499
462
440
430
428
428
433
440
451
462
472
465
402
402
450
521
609
676
717
741
741
712
658
598
522
448
410
397
405
415
402
354
369
437
502
534
529
493
429
373
344
341
357
379
403
426
448
460
464
462
452
436
404
381
366
356
356
363
365
373
372
377
386
402
428
462
504
534
553
557
546
525
505
493
486
489
490
490
487
481
476
468
457
442
432
416
406
394
384
375
364
354
339
326
310
291
265
228
195
171
159
154
162
172
185
199
213
221
228
230
224
218
214
209
204
195
185
175
168
161
158
154
151
149
148
144
142
138
136
133
127
125
123
117
112
104
103
90
81
74
64
56
50
43
40
36
31
28
27
29
28
28
28
26
21
19
18
16
16
18
21
20
19
18
22
24
28
29
26
22
21
21
21
19
21
19
18
19
18
18
17
15
18
17
18
18
17
22
24
26
24
27
24
24
21
19
18
17
15
17
17
15
14
12
15
15
17
17
16
16
15
17
16
15
14
19
19
18
17
15
15
14
14
16
16
19
28
29
31
29
28
27
26
27
29
31
31
30
27
22
21
19
18
17
15
14
14
13
12
12
10
10
12
13
13
12
10
10
12
10
9
9
9
9
9
9
10
10
10
12
10
10
12
10
22
29
27
22
20
18
18
27
33
33
32
31
29
30
36
43
42
38
36
32
30
29
27
26
27
28
30
40
56
61
69
69
72
66
64
76
74
64
56
49
48
56
51
44
40
37
39
36
31
28
78
126
133
115
102
90
78
75
74
70
62
54
64
78
85
76
67
60
58
50
69
91
93
87
84
78
77
68
61
52
64
64
72
65
57
50
46
42
57
76
102
98
87
75
65
58
51
46
42
37
32
31
31
44
38
36
31
29
38
42
37
36
32
30
31
29
26
33
31
32
33
30
29
28
28
41
39
33
30
27
26
34
52
61
54
48
48
49
51
57
103
90
80
72
66
67
90
89
81
75
67
64
96
337
397
364
308
261
223
190
171
168
148
123
104
90
78
70
62
56
58
75
75
69
60
52
46
41
37
38
37
32
29
27
22
20
27
27
24
24
21
19
18
15
15
14
19
21
22
22
20
24
29
24
22
24
24
22
24
22
21
20
19
18
18
18
18
19
21
21
20
20
19
19
19
19
19
19
21
22
28
24
22
21
21
19
20
18
17
19
18
18
21
22
22
22
21
19
20
21
22
21
19
18
19
17
17
16
14
14
12
17
19
19
18
26
28
30
37
33
32
31
28
27
24
21
21
21
19
18
16
14
13
15
17
18
17
15
14
14
14
13
14
17
20
37
37
36
39
45
48
60
62
72
62
61
67
69
69
67
65
64
63
60
55
54
48
49
43
38
37
36
32
33
30
30
30
27
25
24
22
20
19
19
17
15
16
16
15
17
15
18
20
19
19
19
18
19
18
24
29
31
28
29
27
30
28
27
29
33
31
29
27
29
27
30
33
36
43
50
50
48
42
39
41
37
33
30
28
26
22
19
18
17
17
18
20
22
21
29
36
45
64
78
99
118
137
159
163
162
153
136
122
109
99
87
75
64
56
49
49
45
43
50
54
57
63
67
68
72
75
78
85
87
89
89
87
89
84
85
89
89
87
87
85
84
81
76
69
64
58
56
52
49
45
43
44
45
48
45
41
42
41
42
40
42
39
43
37
32
30
27
24
22
24
24
21
20
19
18
16
15
14
14
17
18
18
21
22
24
27
27
29
27
27
24
21
20
21
20
19
20
19
18
17
15
17
17
20
19
26
27
28
28
30
36
42
48
56
60
62
65
75
77
76
77
70
66
61
56
51
51
48
41
36
30
28
25
22
21
24
28
30
29
27
27
31
30
29
26
24
24
33
41
48
58
68
72
84
76
76
69
86
93
84
96
94
96
122
114
98
92
86
96
96
102
112
102
88
76
65
56
78
128
185
183
162
136
120
111
97
98
97
99
90
86
104
158
186
196
185
163
142
123
106
112
197
235
243
228
228
235
307
321
286
258
230
199
184
177
180
272
298
267
236
209
204
192
185
168
149
126
128
133
136
125
112
99
96
88
89
88
85
80
75
69
88
94
89
80
75
69
64
57
68
66
74
73
67
60
52
50
67
68
86
87
81
85
94
97
112
108
106
97
85
76
74
70
63
67
61
67
67
61
60
57
56
52
49
45
48
51
51
48
42
38
36
37
38
37
33
32
30
31
29
29
31
36
40
34
30
31
38
33
33
30
50
52
76
90
117
124
115
98
87
76
81
75
65
61
56
91
88
77
86
78
67
60
57
60
86
77
68
62
57
55
51
58
67
60
56
50
49
52
50
52
49
48
44
50
46
45
55
53
50
45
44
40
37
36
33
30
30
28
29
30
32
29
29
26
28
29
30
33
37
38
40
42
41
48
50
46
49
52
57
64
69
70
72
78
78
81
81
78
76
77
77
75
74
69
67
66
68
67
68
62
62
64
63
68
69
68
62
60
64
60
58
55
51
51
48
46
49
51
55
51
51
56
55
57
62
64
61
58
57
56
52
46
55
58
58
65
64
68
70
69
69
72
75
74
75
76
75
75
77
79
80
84
85
78
75
72
69
65
61
61
57
57
58
55
57
57
60
58
57
58
52
51
50
49
49
48
43
43
43
42
41
42
43
45
44
43
45
48
49
48
44
42
41
40
40
38
45
48
43
42
40
43
42
40
34
33
30
31
33
32
37
36
32
33
37
42
51
55
60
60
61
69
69
76
76
78
75
72
76
74
70
67
58
62
60
61
54
50
43
41
36
31
29
29
31
29
31
28
24
22
28
33
30
29
26
21
21
21
22
22
22
21
19
19
55
61
56
49
42
38
34
30
29
27
24
22
22
25
22
20
22
28
28
27
30
31
29
28
27
24
28
30
29
28
27
30
38
38
39
51
56
57
50
51
49
49
48
45
42
48
42
40
34
31
32
31
38
36
31
33
33
31
32
39
41
41
41
42
40
38
38
38
33
30
28
25
22
26
27
27
28
33
33
31
42
50
62
70
79
86
96
99
104
115
122
125
123
116
111
117
114
112
104
94
84
72
65
60
55
48
41
40
38
36
36
32
31
31
29
29
30
30
32
33
30
28
24
22
21
19
18
17
17
15
14
13
12
14
15
18
17
14
18
21
19
18
17
15
15
20
60
108
135
145
153
169
168
161
163
163
160
150
137
127
121
109
99
85
74
67
58
60
52
51
49
45
42
37
32
30
27
28
27
27
25
24
40
41
52
65
74
77
76
68
66
62
56
52
50
51
46
42
41
38
38
37
38
33
32
31
31
37
36
37
33
32
30
36
42
45
45
43
46
43
44
42
43
40
41
40
37
38
37
36
31
28
28
27
28
26
22
21
20
18
18
17
15
14
17
15
14
14
12
12
10
10
12
10
13
14
13
12
10
12
15
14
13
12
13
13
14
12
12
10
10
10
10
10
9
9
8
9
9
9
9
12
21
24
27
168
166
197
199
177
153
129
135
206
211
259
254
232
208
183
171
161
142
139
133
181
195
219
248
236
214
224
228
223
216
201
225
221
244
237
209
247
254
273
300
309
309
283
396
450
460
469
456
411
447
428
422
619
778
720
629
547
476
456
538
502
480
466
427
401
349
366
357
410
381
349
310
282
288
294
331
319
292
265
234
314
306
337
341
353
316
276
297
266
280
322
345
326
313
268
235
217
321
338
334
306
282
254
226
207
188
187
218
225
226
208
185
170
221
224
225
214
210
190
169
177
300
350
360
312
266
226
211
240
216
230
205
189
181
189
233
235
237
221
199
211
200
230
242
237
228
224
197
175
209
189
286
297
288
254
219
240
259
291
284
273
250
224
190
162
218
220
236
286
256
223
195
209
214
204
216
200
173
148
134
235
266
254
242
214
183
154
145
200
214
211
201
185
161
135
150
188
176
176
173
149
128
118
185
187
216
240
230
207
217
234
225
234
220
195
177
286
328
293
253
214
192
231
228
235
214
192
168
149
161
184
232
223
216
188
182
183
186
229
240
242
209
181
158
169
195
197
182
162
159
151
149
163
151
157
170
199
190
173
173
177
177
200
226
205
183
159
144
144
166
160
147
158
150
136
117
103
163
178
185
160
157
145
125
130
157
196
197
201
208
188
163
137
145
187
172
192
180
163
141
132
153
171
175
204
189
173
166
154
147
142
154
144
144
150
151
153
160
145
133
137
147
153
136
123
149
170
225
228
246
230
225
220
225
262
256
308
313
309
283
257
270
309
337
358
349
365
353
337
367
408
424
415
446
433
412
448
488
483
471
458
450
392
377
392
447
449
433
403
368
325
343
350
355
354
343
308
339
387
402
368
370
340
363
379
424
450
426
392
348
321
294
303
325
317
289
276
319
289
265
272
316
307
280
262
273
283
309
277
272
240
226
247
230
240
210
216
198
218
252
258
246
229
200
188
211
242
253
218
187
189
267
238
273
246
208
190
266
312
302
280
257
237
201
220
313
353
327
290
247
254
266
272
278
242
211
194
186
197
230
209
199
192
175
199
201
216
204
214
283
264
246
236
243
262
230
228
240
240
240
253
240
255
233
216
199
207
294
319
312
317
283
246
353
369
326
306
284
267
290
325
315
296
265
237
226
205
220
229
218
218
213
201
182
154
234
228
246
224
195
169
171
161
185
218
256
248
230
198
180
284
282
344
330
281
243
249
291
297
337
291
247
214
211
276
302
349
321
276
248
213
264
302
325
283
240
210
199
236
230
249
217
187
159
163
180
181
194
186
161
150
137
154
205
225
209
177
157
189
249
297
262
249
240
243
220
189
162
181
236
294
297
250
214
201
204
189
201
205
175
161
176
216
232
242
230
204
192
186
183
237
240
253
229
197
176
210
240
295
329
646
812
727
617
522
442
374
325
281
274
294
289
284
296
284
291
315
281
240
223
238
237
297
267
234
214
199
235
301
334
291
257
225
268
286
280
283
296
253
230
211
247
265
236
217
205
173
148
142
247
298
302
283
242
205
199
257
268
258
232
210
218
213
240
264
238
207
175
181
213
262
302
266
234
198
207
225
237
229
197
168
173
237
340
339
312
270
240
268
281
346
350
364
363
316
319
304
346
349
343
328
282
267
248
321
376
327
277
235
200
228
296
340
301
285
296
340
466
436
369
398
393
375
355
334
307
266
228
296
310
361
350
298
255
234
300
394
406
428
423
355
301
302
296
328
349
329
293
253
233
270
310
353
316
274
264
268
330
301
280
247
224
199
216
228
223
200
176
196
197
207
247
252
345
360
308
307
309
367
362
317
338
310
303
286
345
340
313
273
243
233
229
206
312
378
410
405
403
382
393
374
328
290
346
402
365
334
336
321
273
255
246
289
277
307
273
237
309
368
401
379
360
317
296
352
376
429
406
365
315
290
261
257
234
201
224
197
183
177
180
162
176
158
149
205
206
177
162
153
196
208
217
207
181
153
136
142
148
182
211
190
165
148
149
218
388
518
656
1003
1003
1004
1004
1004
1003
993
1004
1004
961
842
716
610
559
549
490
457
434
377
447
478
732
754
834
964
1003
1003
1004
1004
1003
1003
1004
1003
1004
1003
1004
1004
1003
1004
1004
1003
1004
1004
1004
1003
1004
1003
1004
1004
1003
1004
1004
1004
1004
1004
1004
1004
1004
1004
1004
1004
1004
1004
1004
1004
1004
1004
1004
1004
1004
1004
1004
1004
1004
1004
1004
1004
1004
1004
1004
1004
1004
1004
1004
1004
1004
1004
1004
1004
1004
1004
1004
1004
1004
1004
1004
1004
1004
1004
1004
1004
1004
1004
1004
1004
1004
1004
1004
1004
1004
1004
1004
1004
1004
1004
1004
1004
1004
1004
1004
1004
1004
1004
1004
1004
1004
1004
1004
1004
1004
1004
1004
1004
1004
1004
1004
1004
1004
1004
1004
1004
1004
1004
1004
1004
1004
1004
1004
1004
1004
1004
989
965
942
919
894
861
823
798
773
745
721
696
681
667
656
646
644
636
624
609
592
573
554
535
518
497
485
468
457
447
436
421
413
408
402
396
387
384
378
373
367
363
355
349
340
330
320
310
301
286
280
276
271
261
258
258
256
249
243
238
229
233
230
228
225
221
217
210
199
200
197
192
190
187
185
176
176
173
173
173
172
171
168
161
160
157
154
153
151
145
138
137
135
133
130
128
134
133
134
129
124
115
108
99
89
86
86
86
88
98
104
113
114
109
104
108
110
114
117
123
122
124
122
116
109
99
90
84
84
87
86
88
87
86
81
76
69
61
52
50
44
38
33
31
29
28
26
28
27
27
24
24
27
30
31
32
31
33
32
29
27
22
22
20
19
17
15
14
13
12
10
10
9
9
9
8
9
9
9
10
20
19
20
26
29
31
31
28
24
21
19
17
16
14
14
12
12
10
14
14
13
12
10
10
9
9
10
12
12
10
12
12
12
12
18
21
25
31
39
48
57
64
67
69
70
70
69
67
65
68
76
74
80
69
65
62
61
60
56
56
56
52
46
41
38
33
29
27
22
22
21
24
28
28
28
27
24
22
19
18
16
14
14
13
15
14
14
12
12
10
10
10
13
14
12
12
10
15
15
17
19
20
26
27
30
30
29
27
28
32
32
30
28
24
21
20
21
24
29
31
31
31
36
39
44
48
50
50
50
49
46
45
42
41
43
43
45
49
50
50
50
50
51
56
57
61
60
58
57
54
46
41
36
31
28
28
29
26
22
20
18
16
14
14
17
15
14
13
12
10
9
9
9
8
8
8
8
8
13
14
29
43
52
60
62
67
65
65
60
52
46
40
33
30
27
22
20
18
19
19
22
22
21
19
18
17
18
18
21
21
27
30
31
42
44
43
43
46
41
37
32
30
29
26
27
31
46
69
85
111
128
153
171
192
205
186
177
170
157
154
148
126
111
103
90
85
78
75
65
64
60
52
46
43
40
50
55
48
43
40
41
38
36
41
37
45
44
45
41
40
41
44
45
40
37
37
32
29
27
22
22
30
31
29
27
22
20
19
20
27
26
28
32
37
40
38
37
37
33
30
27
22
21
19
18
15
15
18
20
33
48
60
62
67
72
70
69
69
67
64
60
53
52
50
45
41
36
32
30
28
28
24
21
19
24
24
22
22
21
21
19
21
27
31
31
30
30
37
34
34
31
30
27
22
27
24
21
20
18
20
19
18
21
21
22
28
28
24
21
21
20
18
19
22
22
28
29
31
33
32
39
43
40
38
36
32
29
27
27
29
37
38
41
51
56
62
78
69
68
67
66
60
52
50
43
41
38
34
31
37
36
44
51
60
63
64
68
77
78
85
88
88
93
94
90
96
96
97
96
94
94
90
98
90
88
85
78
77
75
70
62
55
48
42
38
32
28
27
22
20
19
18
20
27
31
36
38
37
37
37
33
37
41
49
58
75
89
103
116
118
123
117
112
102
92
78
68
57
50
43
38
32
30
32
38
45
52
64
72
77
77
76
70
62
55
48
41
37
40
50
70
96
115
126
133
135
135
134
128
123
114
103
93
84
70
63
56
49
45
42
38
34
31
30
30
33
31
29
27
24
21
19
17
16
14
14
12
10
9
9
9
8
8
8
8
8
9
8
8
8
8
8
8
8
8
8
8
7
7
7
7
7
7
8
8
8
8
8
8
9
10
10
14
16
17
18
21
22
25
27
26
27
27
24
22
21
21
22
21
22
25
28
27
29
29
31
30
29
33
32
36
40
44
49
55
61
68
69
70
67
58
50
52
64
76
81
84
81
78
70
65
58
50
43
38
33
38
36
31
28
22
21
18
18
15
14
14
24
46
75
99
115
123
117
105
89
86
80
72
69
67
61
52
46
40
38
36
32
29
28
28
28
27
22
20
18
15
14
13
12
12
12
10
9
9
9
9
8
8
9
12
10
9
10
12
12
12
10
10
9
9
9
9
16
57
150
280
373
423
376
375
338
309
283
277
245
210
187
161
140
124
108
93
78
68
61
62
69
88
146
206
268
301
289
281
268
237
223
196
262
278
269
309
300
348
329
356
331
343
439
489
505
516
513
474
440
393
353
320
283
249
218
196
181
180
177
176
162
145
133
134
133
149
149
138
134
144
127
171
175
169
150
159
176
192
252
242
228
205
182
158
172
166
166
147
186
163
185
201
273
249
228
213
190
192
197
301
337
408
459
437
388
379
366
436
534
469
484
487
450
412
393
434
401
412
403
351
325
355
373
330
326
300
269
242
266
279
329
320
315
290
262
229
211
187
166
148
169
208
235
269
265
234
252
261
229
221
208
182
177
233
255
315
308
320
282
240
218
252
283
338
337
310
278
252
282
264
280
336
326
281
238
204
198
196
228
248
244
225
197
170
171
176
176
186
197
170
146
128
122
125
136
144
150
137
127
123
180
202
199
192
182
169
153
160
198
220
201
172
159
138
127
123
149
166
185
195
166
141
122
105
93
82
69
61
56
50
44
56
58
51
45
40
36
33
30
28
33
33
32
29
27
24
22
22
22
22
24
24
26
30
30
32
31
32
33
38
38
38
38
36
34
36
31
29
28
27
24
21
21
20
19
18
21
19
18
17
18
17
17
15
14
12
12
10
12
10
10
9
10
9
9
9
8
8
9
9
13
29
32
31
55
153
236
254
233
204
176
156
133
112
96
87
75
64
56
48
45
38
32
29
27
22
20
20
29
44
68
84
77
68
58
52
51
45
41
37
31
28
24
36
51
62
67
65
66
61
51
57
62
55
48
42
75
81
109
137
127
110
94
80
69
91
81
86
98
89
77
67
57
50
42
37
32
29
26
21
21
19
19
19
17
15
14
12
12
10
9
9
9
8
8
8
8
7
7
7
7
7
7
7
7
8
8
8
7
7
7
7
8
7
7
7
8
8
8
8
8
8
8
7
8
7
7
10
10
9
9
9
8
9
12
17
15
14
14
12
12
10
9
9
12
13
15
14
14
12
12
12
10
10
9
9
10
10
10
10
10
9
9
17
28
37
40
42
43
45
45
42
42
41
42
43
40
34
32
33
31
29
28
30
32
30
28
27
24
26
28
28
30
36
37
37
37
36
42
41
42
38
38
39
38
37
37
37
39
36
38
42
37
36
36
32
29
25
22
21
19
18
17
14
14
12
12
12
10
10
10
9
9
9
8
8
8
14
15
14
13
15
14
14
12
12
10
10
9
9
9
8
8
9
8
8
9
10
10
12
10
12
12
12
12
10
10
10
10
14
14
14
18
19
18
19
18
17
17
15
15
14
14
13
12
13
14
19
18
19
18
20
22
28
32
37
42
46
51
55
56
58
60
61
64
69
68
67
64
62
57
50
44
40
34
30
27
22
21
18
17
15
14
13
12
12
10
10
14
14
17
20
20
21
19
18
18
21
27
29
41
51
56
57
52
49
68
99
126
133
122
103
90
77
65
57
52
50
52
52
52
60
61
67
74
80
80
76
69
67
61
55
50
48
44
41
37
32
30
28
24
21
19
19
18
15
14
13
12
10
10
10
10
14
12
12
10
10
12
10
14
12
12
10
10
14
14
14
14
19
19
19
18
18
17
17
18
18
18
28
43
72
102
126
150
168
172
174
158
145
122
103
89
81
80
80
80
80
77
81
87
90
90
89
88
93
94
90
99
100
108
112
116
112
110
103
90
85
85
88
97
98
99
99
100
109
114
116
117
117
110
106
100
88
77
68
60
51
44
38
32
29
26
22
20
18
17
17
15
14
14
14
12
12
14
15
14
12
12
12
12
10
9
9
8
8
9
9
9
10
10
9
9
9
10
10
9
10
12
12
14
18
20
21
22
27
29
30
31
32
33
38
38
41
45
49
49
45
38
33
29
27
22
21
19
17
15
15
14
14
12
10
12
18
18
24
30
40
43
48
48
46
42
38
33
33
29
28
27
24
24
21
21
19
19
18
17
15
14
15
14
12
12
10
10
17
17
19
18
15
14
14
12
12
12
10
10
9
9
8
8
8
9
10
10
9
9
9
10
15
17
17
15
14
12
15
18
19
18
18
20
30
28
27
28
37
36
34
37
32
30
28
29
26
21
20
18
17
15
27
29
27
22
21
22
22
22
30
38
40
37
33
31
28
24
21
21
27
24
21
19
18
18
20
20
21
24
21
26
28
24
22
21
20
20
18
18
17
15
14
12
10
10
12
12
12
15
17
20
18
20
21
22
21
20
21
27
26
27
27
24
28
29
36
36
48
51
69
62
57
55
60
56
58
62
61
69
76
69
65
68
70
67
67
69
66
58
57
60
51
46
45
41
41
41
39
38
36
39
38
41
41
41
43
38
36
37
34
30
43
56
49
43
38
32
32
29
28
24
48
70
64
55
48
41
36
30
28
24
21
19
18
17
17
17
15
15
17
28
29
28
28
27
24
24
26
21
22
27
28
24
21
29
32
30
28
24
22
22
27
27
24
22
22
25
22
21
21
21
20
18
19
21
20
19
18
15
15
14
12
14
14
14
14
15
14
14
18
18
18
15
14
17
19
18
17
15
14
14
15
17
18
20
21
22
21
21
24
24
24
22
20
19
18
20
19
18
17
15
15
15
14
14
14
17
18
16
14
14
12
15
18
18
19
19
18
21
24
21
20
19
18
17
17
15
14
14
14
12
13
15
16
17
16
15
20
18
17
14
13
14
12
12
10
12
12
10
13
12
12
10
10
10
14
14
14
17
17
21
27
27
31
37
38
38
38
45
46
45
43
40
42
40
49
49
44
42
51
52
56
61
67
72
76
73
74
66
58
57
49
42
41
43
50
48
56
57
68
89
102
115
128
137
123
106
94
87
253
302
286
254
218
187
159
133
113
104
94
90
86
80
80
78
84
88
98
98
102
89
78
68
60
51
45
40
33
31
36
30
27
22
22
28
27
28
29
30
31
37
38
38
38
38
36
33
32
29
30
30
31
28
27
22
22
22
22
21
19
18
21
27
32
37
36
36
38
38
41
43
41
41
40
41
41
40
40
41
41
38
33
30
31
28
24
21
19
18
18
17
17
16
15
14
12
13
12
12
10
10
10
9
9
9
8
9
8
8
9
8
9
9
8
8
9
9
9
9
9
10
10
9
9
9
9
9
9
9
9
12
12
14
17
27
37
41
50
65
82
96
99
103
96
87
75
64
56
48
41
37
32
31
29
28
31
31
31
34
33
41
46
48
48
50
46
42
38
33
33
30
29
28
29
29
33
31
30
28
29
27
28
32
39
38
37
39
37
36
33
36
33
30
28
27
22
24
21
19
18
17
14
14
18
18
17
18
20
21
21
19
20
20
19
17
17
15
14
15
18
19
20
20
18
18
18
15
14
15
17
15
15
18
17
17
19
21
28
41
52
62
58
56
50
50
54
55
57
55
48
41
37
31
30
28
29
29
30
28
26
28
26
27
24
27
22
24
22
21
28
25
22
20
21
27
30
37
37
43
50
55
61
62
62
61
65
65
60
57
50
44
39
33
30
27
27
27
27
22
20
18
17
15
14
12
12
12
12
14
19
17
15
16
15
13
12
12
12
10
12
10
16
15
14
12
10
12
12
12
10
10
9
9
8
8
8
9
10
9
9
9
9
8
9
13
14
15
16
18
19
21
26
29
32
33
37
33
33
37
37
36
31
29
31
29
27
22
20
22
24
22
20
18
18
16
18
16
15
14
14
12
14
13
12
12
12
12
15
15
18
16
17
18
17
18
18
19
18
20
20
21
21
19
18
16
19
24
29
32
38
40
41
46
49
48
46
46
45
41
40
33
31
28
24
21
20
18
17
17
14
17
18
20
22
24
24
22
27
29
26
27
24
27
30
32
33
32
31
31
36
32
32
31
30
30
31
37
36
31
36
37
38
41
41
43
46
45
43
42
45
49
49
45
46
42
38
33
30
28
24
24
21
22
20
19
19
19
18
17
15
14
12
12
10
10
9
9
9
9
9
9
10
12
12
12
12
12
10
10
10
9
9
8
8
8
8
8
8
8
9
10
12
12
10
9
9
9
9
8
8
8
7
8
9
9
9
10
14
17
17
18
18
15
18
18
20
22
24
22
21
21
19
19
18
16
15
13
12
10
10
9
9
8
8
8
8
9
8
9
9
8
8
9
10
12
12
12
10
9
9
12
12
10
9
9
9
10
10
17
15
14
15
17
17
17
18
18
21
21
21
30
31
29
28
33
36
37
34
30
28
28
27
22
20
21
21
19
18
17
16
18
27
28
29
25
21
28
38
51
64
75
86
90
87
80
77
78
78
81
77
67
61
56
51
49
46
45
42
40
34
30
28
24
24
25
22
20
18
16
15
14
13
12
10
10
9
9
13
17
24
31
46
62
89
137
138
196
280
355
459
610
848
996
925
1004
1004
1004
1004
1004
1004
1004
1004
1004
1002
998
974
945
919
962
1004
1004
1004
1004
1004
1004
1004
1004
1004
1004
1004
1004
1004
1004
1004
1004
1004
1004
1002
970
938
860
748
741
871
1004
1003
1003
1003
1004
1004
1003
1003
1004
1003
1004
1004
1004
1004
1004
1003
1003
1003
1003
1003
1003
1003
1003
1003
1003
1003
1003
1003
1003
1004
1004
1003
1004
1003
1003
989
867
750
637
549
489
456
439
440
452
464
478
494
506
518
533
543
554
561
567
569
570
577
582
591
609
630
655
693
739
786
810
812
818
832
855
868
868
846
796
730
653
579
508
446
388
340
300
266
238
218
200
187
173
161
151
142
128
116
102
87
75
65
61
58
61
69
81
96
104
112
116
117
116
116
114
110
108
101
88
75
68
65
61
60
60
60
61
58
54
48
41
37
31
28
24
21
19
18
16
14
12
12
10
10
9
9
9
9
8
8
8
8
7
7
7
7
7
7
7
7
7
7
7
7
7
6
7
7
7
6
7
7
7
7
7
8
13
15
17
19
19
19
18
16
15
14
12
12
10
12
14
17
20
24
28
31
37
41
43
46
49
52
56
57
60
64
66
69
70
73
75
76
78
80
81
81
82
85
86
84
85
85
84
85
86
86
87
86
84
78
72
66
64
67
64
60
57
55
51
46
42
38
33
29
27
22
20
18
16
15
15
15
17
19
21
28
31
40
46
52
62
72
85
96
109
123
135
150
166
181
196
210
228
244
259
273
288
301
316
329
344
361
376
391
406
424
438
456
469
477
483
489
496
500
502
502
500
497
494
488
484
478
471
465
457
450
444
440
434
429
426
418
414
408
405
401
397
394
389
387
381
377
374
367
364
360
354
348
340
330
321
314
307
300
291
283
276
270
262
255
247
238
230
226
218
201
188
177
169
159
149
136
128
122
113
103
96
86
75
64
55
48
41
36
31
27
24
22
26
29
33
38
41
41
45
48
52
55
57
61
65
67
70
74
76
76
79
81
85
87
88
89
89
89
89
89
85
79
81
87
88
89
89
90
88
88
87
85
81
80
77
75
72
72
70
69
68
67
65
65
64
65
67
69
70
70
70
70
69
67
64
62
61
60
60
60
60
60
61
61
64
69
75
80
84
86
88
88
89
89
87
85
86
90
93
93
93
93
96
97
99
99
99
98
97
96
93
93
90
90
89
89
88
85
81
77
74
68
64
58
51
49
48
48
48
50
51
51
51
50
48
43
42
41
37
36
31
29
27
24
21
19
18
17
14
14
13
18
17
15
14
13
12
10
10
10
9
9
9
8
8
8
8
7
7
7
7
7
7
7
7
7
7
6
6
6
6
6
6
7
7
7
9
14
17
20
21
26
30
32
36
40
41
43
44
43
41
38
36
31
28
24
21
20
18
17
15
14
12
10
10
9
9
8
8
8
7
7
7
7
7
7
7
6
7
7
7
7
7
7
7
7
7
7
7
7
7
6
6
6
6
5
5
5
7
7
8
9
12
17
21
24
29
31
31
30
33
41
45
48
48
46
43
40
36
31
30
29
29
31
33
36
41
45
50
56
58
62
66
67
70
72
74
74
75
76
76
77
76
77
77
77
76
75
74
68
65
63
61
61
61
61
61
60
58
57
55
52
49
43
41
45
45
42
42
41
38
37
34
34
33
32
31
30
28
24
21
20
18
17
15
14
14
15
18
20
22
27
29
33
32
36
37
39
40
41
41
42
42
41
42
43
43
42
42
42
41
38
38
38
40
41
42
42
40
38
43
44
42
37
33
31
28
27
25
24
25
22
24
22
24
27
28
29
31
32
32
33
36
37
37
37
36
32
30
28
26
22
21
20
18
17
15
14
14
12
10
10
9
9
12
17
19
20
21
24
27
28
32
31
29
27
31
31
29
26
22
20
18
16
14
13
12
10
9
9
9
9
9
10
12
12
10
10
10
10
9
9
10
9
9
10
10
12
14
14
15
17
17
17
18
18
18
19
20
21
21
24
28
28
29
28
29
27
24
20
21
21
19
18
18
16
15
14
12
12
12
14
18
20
21
22
24
29
30
33
33
33
33
33
36
37
37
38
36
33
31
30
29
27
25
22
22
21
21
22
22
24
27
28
30
32
33
38
40
42
42
42
40
37
38
44
46
45
46
46
45
42
41
41
41
40
38
33
32
31
30
31
31
30
29
28
26
24
27
28
29
29
32
37
39
42
48
50
51
52
53
52
55
55
52
52
52
51
52
55
57
57
56
56
56
56
56
55
50
48
48
52
52
50
48
45
43
42
38
37
33
31
31
30
30
30
29
29
29
29
30
31
31
33
36
39
40
42
42
42
41
38
33
29
27
22
20
18
17
14
13
12
10
9
9
8
8
8
8
8
7
7
7
7
7
7
8
8
9
9
8
9
8
8
8
8
8
8
7
7
8
8
9
12
17
22
28
33
40
45
50
54
58
61
62
64
64
64
63
64
65
65
64
62
60
56
52
49
45
40
36
31
28
24
21
18
17
15
14
12
10
10
9
9
8
9
9
9
8
8
8
7
7
7
7
7
7
7
7
6
6
6
5
6
6
6
5
7
7
8
9
10
13
14
18
21
24
29
30
31
33
36
37
36
36
36
33
32
31
30
30
31
31
31
30
30
30
29
30
31
30
28
28
36
36
33
33
32
30
29
31
30
30
30
29
27
27
25
22
21
21
21
20
22
24
27
28
28
30
29
28
29
29
28
28
27
26
24
27
27
28
29
30
29
28
28
29
31
33
34
37
38
41
43
46
49
50
51
51
52
52
55
61
61
58
57
57
56
55
52
51
48
46
48
49
48
48
46
46
43
44
45
48
50
53
57
61
64
64
65
67
69
69
70
72
72
74
70
69
68
67
64
62
61
62
62
62
62
64
65
65
65
63
65
67
70
76
77
73
67
69
76
78
80
84
81
84
85
84
84
81
84
85
86
86
86
85
85
84
85
85
85
84
81
82
84
84
85
87
89
90
92
94
93
93
93
94
97
96
96
96
94
90
87
80
75
70
67
65
62
57
56
53
51
49
46
41
41
48
49
50
52
52
51
52
52
52
51
50
49
45
48
48
48
49
49
46
45
45
46
46
45
46
49
48
46
45
42
41
42
43
45
45
45
43
43
45
48
48
48
45
43
41
41
41
43
48
50
51
52
51
51
50
50
49
43
40
43
45
43
45
45
45
45
43
42
45
45
46
46
45
44
44
45
45
48
49
50
51
51
51
52
52
52
51
48
45
42
40
39
38
38
33
31
29
27
22
21
18
17
15
14
12
10
10
9
9
9
9
9
10
12
13
15
14
14
14
18
18
16
14
13
12
10
9
9
8
8
8
7
7
7
7
8
14
14
17
19
20
21
21
21
21
19
18
17
16
14
13
12
10
9
9
9
8
8
8
8
9
8
8
8
7
7
7
7
7
7
7
7
6
7
8
8
10
9
12
14
15
18
18
18
17
17
17
17
15
15
16
15
15
15
15
14
12
12
10
9
9
8
8
8
8
8
7
7
7
7
7
7
6
6
6
5
5
5
5
5
5
5
5
5
5
5
5
5
5
5
5
8
9
8
9
9
10
10
12
14
15
14
15
14
12
10
10
9
8
8
8
8
7
7
7
7
7
7
7
7
6
5
6
6
7
6
7
7
7
7
6
6
5
5
5
6
7
7
7
7
7
7
7
7
7
7
7
7
10
14
16
14
12
14
15
17
15
15
15
14
15
18
20
20
21
22
22
24
25
22
21
19
17
15
14
12
12
10
9
9
8
8
8
8
9
9
9
12
12
12
12
12
12
10
10
12
10
9
9
9
8
8
8
8
8
8
10
14
12
10
10
9
8
8
8
7
7
7
7
7
7
6
7
5
6
5
5
5
5
5
5
5
5
7
7
7
7
7
8
8
9
9
9
10
10
13
15
14
14
13
12
10
9
9
8
8
8
8
7
7
7
7
7
8
8
7
7
7
7
7
7
7
7
7
7
7
7
8
8
9
9
9
8
8
8
9
29
36
41
43
41
49
56
55
70
72
77
66
60
50
49
43
48
56
66
77
89
104
148
149
207
254
265
266
248
232
210
223
280
247
218
235
208
218
240
341
397
375
340
296
310
414
502
461
415
364
351
373
366
353
312
308
271
238
234
264
319
310
339
334
339
300
281
365
398
427
487
461
412
357
339
310
286
352
414
422
385
344
308
266
261
249
224
210
192
166
153
163
180
166
153
138
162
201
196
210
207
188
169
154
187
196
254
257
255
247
221
190
199
195
222
240
221
213
190
205
240
243
213
213
200
196
204
221
223
224
238
240
261
257
255
240
214
216
207
188
188
189
181
205
219
233
216
220
221
216
213
188
168
149
128
123
133
122
105
92
81
77
86
87
99
113
126
126
147
124
106
90
85
92
96
94
80
79
86
80
75
76
69
67
66
65
56
49
48
44
41
34
31
31
28
28
27
33
39
46
49
46
50
50
55
50
46
48
52
49
55
52
49
46
45
69
97
123
149
165
172
173
166
171
182
187
188
187
185
177
168
170
171
161
144
123
116
108
102
136
153
166
187
196
200
216
204
210
211
214
223
230
243
261
283
300
316
317
300
256
233
231
254
307
388
498
592
649
663
650
636
615
606
616
646
693
759
826
900
961
981
973
927
858
784
706
614
521
446
388
364
378
427
490
576
672
760
837
902
934
934
914
865
807
750
667
572
499
441
387
341
291
254
238
217
197
173
151
127
114
110
136
273
337
381
468
441
387
361
320
283
243
208
182
171
182
221
270
339
426
488
580
717
808
812
797
770
696
648
565
483
437
430
404
364
357
363
434
406
382
379
373
367
361
381
381
405
438
447
414
438
439
473
511
552
557
573
546
497
464
433
437
523
572
504
427
360
306
257
218
187
159
133
113
97
88
82
76
74
77
77
70
67
108
104
89
76
65
58
50
45
40
33
30
29
28
29
29
30
34
40
46
55
58
64
68
72
69
69
68
62
57
52
48
42
48
46
42
43
48
54
65
85
101
108
96
81
85
108
145
151
133
113
124
172
208
197
225
267
309
341
365
384
392
396
404
424
451
486
506
514
504
481
450
422
392
365
344
322
302
281
254
233
209
188
168
147
128
128
136
151
168
177
173
154
128
110
99
94
96
90
80
69
66
70
78
93
100
104
109
109
100
88
77
67
57
50
42
37
32
29
27
22
31
48
60
67
69
75
75
75
75
74
69
65
62
62
60
60
64
70
79
87
89
93
94
94
96
94
93
91
88
88
89
90
94
97
98
98
98
98
98
98
96
94
90
88
85
81
80
76
74
74
70
67
65
68
68
68
67
67
65
65
65
63
62
62
61
61
60
60
60
57
56
53
54
55
57
58
58
60
56
52
49
45
41
37
32
28
26
22
21
21
21
19
17
15
14
13
14
14
18
19
21
27
30
37
38
38
37
45
48
50
52
55
57
60
61
60
61
64
65
67
69
74
74
70
80
88
97
106
112
116
122
134
126
120
116
113
114
109
103
108
103
114
104
90
78
69
61
57
57
67
77
97
114
137
128
137
144
142
150
159
150
134
123
126
134
154
133
126
116
102
100
100
120
108
138
126
108
93
80
81
96
88
76
65
60
52
49
45
48
45
45
39
33
29
27
28
25
29
27
27
24
24
21
19
20
19
20
19
19
18
24
31
29
26
21
20
19
17
17
17
17
19
21
21
20
28
27
28
28
27
29
28
27
24
30
28
33
31
32
38
37
34
31
34
33
37
37
39
41
40
41
42
40
42
40
40
36
30
29
28
31
31
29
28
27
22
21
20
19
18
16
15
14
14
14
14
15
14
13
12
12
14
15
14
13
12
10
10
12
13
12
10
9
15
31
43
50
44
38
33
40
40
42
41
36
31
28
37
31
36
36
33
30
29
28
28
32
40
41
41
36
33
34
48
48
46
43
42
42
45
58
77
102
114
128
144
160
171
181
189
200
207
210
213
205
199
187
178
168
157
144
127
109
109
104
98
88
81
74
65
58
50
43
38
33
29
27
22
20
18
16
14
14
14
13
13
12
14
13
12
10
9
9
8
8
8
8
7
7
8
8
7
7
7
7
7
7
7
7
8
9
14
18
21
22
21
21
20
18
17
15
13
12
10
10
9
9
9
9
9
9
12
18
20
20
19
18
17
18
20
19
18
17
17
17
15
15
14
13
12
10
9
9
9
8
8
8
8
7
7
7
7
7
7
7
7
7
7
7
7
7
6
6
5
5
7
8
8
8
7
7
7
7
9
15
19
21
22
22
21
20
19
19
17
15
18
19
17
17
15
14
12
12
10
9
9
8
8
8
8
8
8
8
9
12
14
14
14
13
13
12
12
12
12
10
9
9
9
8
8
8
7
7
7
7
7
7
7
7
7
7
6
7
7
7
7
7
6
8
12
14
14
12
29
50
81
127
185
243
301
348
379
400
425
450
469
485
490
486
468
452
442
430
406
381
351
322
303
289
268
246
220
200
187
170
149
125
106
90
80
76
76
76
76
77
81
85
88
90
97
97
96
90
88
86
80
76
70
65
62
63
60
62
64
68
104
157
185
216
224
216
196
171
145
122
103
87
75
64
57
51
45
39
38
37
40
46
52
60
67
72
76
80
85
86
88
90
89
94
97
99
102
104
109
112
113
113
114
113
110
111
110
109
109
110
108
108
113
116
116
108
104
100
98
96
90
87
84
78
70
65
61
55
51
46
40
36
31
28
24
21
19
17
15
14
12
12
10
9
9
9
8
8
8
7
7
7
7
7
7
7
7
7
8
7
7
7
7
7
7
7
7
7
8
9
8
8
8
8
8
7
7
7
7
7
7
7
7
6
7
7
6
6
5
6
6
5
5
5
5
6
5
5
5
6
5
5
5
6
6
5
7
6
6
6
5
5
6
6
5
5
6
7
7
7
7
8
8
7
8
8
8
7
7
9
12
16
20
28
31
33
32
31
33
32
32
38
42
48
56
65
69
74
81
86
85
85
87
90
94
98
103
108
110
110
99
86
75
64
57
50
46
45
52
76
100
122
134
136
124
109
93
78
67
58
50
42
38
40
46
51
57
62
64
65
62
60
58
58
62
66
70
75
78
90
98
90
89
89
90
93
97
102
114
112
106
106
108
104
103
106
104
104
98
93
89
88
79
75
88
81
84
75
76
70
74
74
76
77
67
57
50
43
38
33
30
28
22
22
21
20
18
17
15
17
15
14
13
12
12
10
12
14
12
12
14
14
14
13
12
10
10
10
9
9
9
10
9
10
12
14
14
18
17
15
14
12
12
12
10
10
9
9
10
12
12
12
10
9
18
19
24
28
28
29
31
38
40
41
40
37
31
30
28
29
30
31
31
33
40
42
48
50
55
60
62
69
80
80
82
78
75
69
69
60
58
51
46
42
45
40
33
32
32
29
26
27
29
27
24
22
24
21
21
19
18
16
17
20
18
17
20
27
32
32
30
29
28
26
22
21
20
27
22
21
20
20
18
17
19
24
22
21
19
17
15
14
15
14
13
15
15
15
17
17
15
14
12
13
12
12
12
17
18
17
18
18
19
19
19
21
25
27
28
32
42
50
55
57
60
60
57
52
46
42
38
32
29
25
21
19
18
17
15
14
12
10
10
10
9
9
8
8
8
8
8
8
9
15
17
15
15
14
13
14
15
14
12
12
10
10
9
9
9
8
9
12
12
14
15
15
14
12
12
10
10
10
9
9
10
12
12
10
12
18
18
16
17
19
21
21
24
27
27
24
21
19
18
18
19
21
24
27
27
29
28
29
31
31
30
30
37
42
43
49
52
58
62
65
68
70
70
67
62
57
52
49
46
43
40
37
34
32
32
30
30
31
33
38
41
45
46
50
50
51
52
55
53
55
52
50
49
45
41
37
32
30
31
32
30
31
32
33
33
31
31
30
28
24
21
19
18
18
17
15
14
12
10
10
9
9
8
8
8
8
7
8
8
8
10
12
14
12
13
14
14
12
10
10
9
9
8
8
8
8
7
7
7
7
8
7
8
7
7
7
7
7
7
7
7
7
7
7
7
7
7
7
7
7
7
7
8
8
8
7
7
7
7
7
7
7
7
7
8
8
9
9
10
10
9
9
8
8
8
8
7
7
7
7
7
7
7
7
6
6
7
8
8
8
8
7
7
7
7
7
7
7
7
8
8
9
10
14
18
20
20
21
19
18
16
14
14
17
19
19
18
17
17
18
18
18
18
17
18
19
21
21
22
22
20
18
19
20
21
21
22
21
20
22
24
26
27
24
21
24
24
27
28
28
28
27
27
28
28
29
30
31
30
27
27
25
22
20
18
17
15
14
14
14
14
12
12
12
12
16
26
33
37
36
32
29
27
27
22
20
19
17
15
14
18
19
18
18
17
18
19
18
20
24
28
29
30
29
29
31
32
33
33
34
32
30
28
28
28
27
26
27
27
24
24
28
33
37
38
38
38
36
32
36
39
41
38
36
30
27
22
20
18
17
14
14
14
12
12
10
9
9
8
8
8
8
8
7
7
7
7
7
7
7
7
7
7
7
7
6
6
6
6
6
6
6
6
6
7
6
7
8
8
8
8
7
7
7
7
7
7
7
7
7
7
6
6
7
6
6
7
7
7
7
7
6
6
6
6
6
5
6
6
7
7
7
7
7
7
7
7
7
7
8
10
15
19
22
27
28
28
29
29
31
31
32
30
29
27
22
20
18
17
15
13
12
10
10
9
9
8
8
8
8
8
8
7
7
7
7
7
8
8
9
9
10
10
13
15
17
19
19
19
17
15
14
18
21
21
21
21
19
18
15
14
12
12
10
9
9
9
8
9
9
9
9
9
8
9
10
12
14
17
18
18
19
19
19
18
16
14
14
12
14
12
12
14
15
18
17
17
18
17
14
14
17
16
15
15
15
14
15
17
17
18
17
15
15
18
27
28
29
30
30
30
32
33
36
32
29
27
22
21
19
18
15
14
13
12
10
10
10
9
9
8
8
8
8
7
7
7
7
7
7
7
7
7
7
7
7
7
7
6
7
7
7
7
6
7
7
7
7
6
7
9
10
10
9
9
9
9
12
15
20
19
18
15
14
15
14
12
12
10
9
9
9
8
8
8
8
7
7
7
7
7
7
7
7
7
8
8
9
10
10
9
9
9
10
14
19
22
24
27
24
21
19
19
18
15
14
14
12
10
12
14
12
12
10
10
9
10
9
10
10
12
14
12
10
10
9
9
9
8
8
7
8
8
8
8
8
7
7
7
7
7
7
7
7
7
7
7
7
7
7
7
7
7
6
7
7
7
6
5
7
7
7
7
7
7
7
7
7
7
6
6
6
7
6
7
7
6
6
6
6
7
7
7
7
7
7
6
6
7
7
7
7
7
7
7
7
7
8
8
12
14
15
18
18
21
24
30
33
40
43
46
48
51
52
57
61
64
65
67
66
67
65
67
67
68
67
64
60
57
54
51
50
50
49
46
45
42
38
38
37
33
31
29
29
27
22
20
18
17
14
13
12
10
10
10
10
9
9
8
8
8
8
8
8
7
7
7
7
7
7
7
7
7
7
7
7
7
7
7
7
7
7
7
7
7
7
7
7
7
7
7
7
7
7
7
7
7
7
7
7
7
7
6
7
8
8
8
8
8
7
7
7
7
7
7
7
7
6
7
6
7
5
5
5
6
7
9
12
14
17
19
22
28
32
36
38
41
43
45
45
46
43
43
42
43
42
43
43
38
36
31
31
29
29
26
21
19
18
18
17
17
18
17
17
17
18
18
19
21
21
19
19
21
24
28
29
29
28
28
29
30
30
30
31
30
28
28
29
30
29
29
28
27
22
20
18
17
15
14
12
12
10
10
9
9
9
8
8
8
8
8
8
8
8
7
7
7
7
7
7
7
7
6
7
7
7
6
6
6
6
8
10
10
10
10
10
9
9
8
8
8
8
7
7
7
7
7
7
7
7
8
9
9
9
10
10
9
9
8
8
8
8
7
7
7
7
7
7
7
7
7
6
7
6
5
6
6
6
5
6
5
5
6
7
7
7
7
7
7
7
7
8
9
8
8
8
8
8
9
9
10
9
9
9
9
8
8
8
8
7
7
7
7
7
7
7
7
7
7
6
6
7
7
6
6
6
5
5
6
6
6
7
6
6
6
6
5
6
7
7
8
13
15
19
20
21
22
21
21
24
29
32
37
41
43
45
45
45
42
37
38
42
43
43
43
43
43
43
42
40
37
33
31
29
29
28
26
22
21
19
17
17
15
14
14
14
12
10
9
9
10
12
17
20
24
29
34
39
44
50
55
57
61
65
68
70
72
75
75
74
74
76
77
77
77
76
75
74
73
75
77
78
84
87
80
75
68
61
52
46
40
33
30
27
22
20
18
16
14
13
12
10
9
9
8
8
8
8
7
7
7
7
7
7
7
7
7
7
7
6
6
5
6
6
6
7
5
5
5
5
5
6
5
5
5
5
7
7
8
8
10
15
18
19
19
20
22
28
24
21
19
18
17
15
14
12
10
10
9
9
8
8
8
8
7
7
7
7
7
8
8
8
9
10
12
12
15
19
21
24
27
30
30
32
33
32
31
31
31
32
33
34
33
36
40
42
45
49
51
52
52
55
57
61
64
67
65
60
60
66
69
70
70
72
69
67
64
61
57
55
52
49
48
48
48
48
48
46
43
38
33
31
29
27
26
22
21
20
21
22
26
28
27
27
27
28
28
27
25
25
24
24
27
29
29
28
27
27
27
28
27
29
32
32
32
32
31
30
30
31
29
27
28
32
31
30
28
26
22
20
18
18
17
16
14
14
12
10
10
9
9
8
8
8
8
7
7
8
8
8
8
8
8
7
7
7
7
7
7
7
7
7
7
7
7
6
6
7
6
5
7
6
6
6
6
6
6
6
7
6
6
6
6
7
6
6
5
7
6
7
7
7
8
9
10
15
19
24
29
33
37
40
42
45
48
49
49
50
52
52
52
49
48
46
44
42
39
37
36
32
29
26
22
20
18
15
14
12
12
10
10
10
12
15
17
18
20
22
22
24
27
25
22
21
19
20
21
24
32
41
40
40
42
46
48
49
50
50
48
46
43
42
41
38
32
29
26
21
19
18
16
14
13
12
10
9
9
9
8
8
8
8
7
7
7
7
7
7
7
7
7
7
7
7
7
7
7
7
7
6
7
7
7
7
8
8
8
8
7
7
7
10
14
15
15
17
19
22
29
32
37
42
45
48
49
50
50
50
48
46
43
38
33
30
27
22
21
21
20
18
18
17
15
14
14
14
13
13
14
15
16
17
17
15
14
14
13
12
10
12
12
14
17
18
19
20
19
18
17
15
14
12
10
12
13
12
10
9
9
9
8
9
9
9
9
10
14
15
15
16
16
17
17
17
15
14
14
12
12
10
9
9
9
8
8
8
7
7
7
7
7
7
7
7
6
7
7
7
7
6
6
6
6
6
7
7
8
8
8
8
8
7
7
7
7
7
7
8
8
8
8
8
8
7
7
7
7
7
7
7
7
6
8
8
9
10
12
14
15
15
17
18
19
20
20
21
22
24
24
22
22
21
22
22
21
21
22
27
29
31
33
37
40
41
42
45
43
43
41
41
37
32
29
27
22
19
19
19
18
15
14
12
12
10
9
9
9
8
8
8
8
7
7
7
7
7
7
7
7
7
7
7
7
7
7
7
7
7
7
7
8
7
7
8
8
8
7
7
7
7
7
7
7
7
7
7
6
6
7
6
6
7
6
7
7
6
7
6
7
7
12
10
10
12
14
15
18
21
21
22
24
28
30
32
36
38
41
43
46
49
49
51
52
55
57
60
62
64
65
68
69
69
67
65
64
62
60
58
60
60
58
57
56
55
52
50
50
50
50
50
50
49
48
49
49
46
45
42
40
38
33
38
40
38
33
31
29
27
24
22
20
18
18
18
17
17
15
14
13
12
12
13
14
14
15
17
17
17
17
15
14
12
12
10
9
9
8
8
8
8
7
7
7
7
7
7
7
7
7
8
9
10
10
9
9
9
9
8
8
8
8
9
9
9
8
8
9
9
9
9
9
8
8
8
8
8
8
8
8
9
9
9
9
9
9
9
9
12
14
17
19
19
19
20
20
19
18
16
14
12
12
10
9
9
9
8
8
7
8
7
7
7
7
7
7
7
7
7
7
7
7
8
8
8
8
7
7
7
7
7
7
7
7
7
7
7
8
9
9
9
9
9
9
9
9
9
9
10
14
12
13
13
12
12
10
9
9
9
8
8
8
9
9
9
9
9
9
10
10
12
15
18
19
21
21
19
18
17
14
13
12
12
10
10
9
9
8
8
8
8
8
9
8
9
8
8
8
8
7
7
7
7
7
7
7
7
7
7
7
9
9
8
8
8
8
8
8
8
7
7
7
7
7
7
7
7
7
9
14
18
20
25
29
31
36
38
38
33
30
33
33
30
27
24
21
19
17
15
14
12
10
10
9
9
8
8
8
8
7
7
7
7
7
7
7
7
9
12
15
18
20
21
21
22
24
26
28
30
34
37
40
41
42
42
41
38
36
31
29
27
22
20
18
16
14
13
12
10
14
14
13
12
14
13
12
14
17
18
20
20
21
22
21
20
18
17
15
14
13
12
14
14
15
17
20
20
22
24
27
27
28
28
30
30
30
31
32
33
37
38
38
38
36
33
36
33
32
33
33
36
37
37
38
40
41
38
34
30
28
29
25
21
19
18
15
14
12
10
10
9
9
9
9
10
12
13
13
12
14
16
16
17
15
14
12
10
10
9
9
8
8
8
7
7
7
7
7
7
7
7
7
7
7
6
7
7
7
6
7
7
7
8
10
10
12
14
14
14
13
12
15
19
18
17
15
14
12
12
10
9
9
9
9
8
8
8
8
8
8
9
10
10
12
10
12
15
17
19
21
24
27
27
26
22
21
19
18
18
17
16
14
13
12
10
9
9
9
8
8
8
8
7
7
7
7
7
7
7
7
8
9
8
8
8
8
8
7
7
7
7
7
7
7
7
7
7
7
6
7
6
7
6
7
7
6
6
7
7
7
9
10
12
14
15
17
19
20
22
24
27
28
28
29
28
27
25
24
24
22
21
19
17
15
14
12
12
10
9
9
8
8
8
8
8
8
8
7
7
7
7
7
7
7
7
7
7
7
7
7
7
7
7
7
7
8
12
14
19
20
21
22
22
22
22
22
21
21
19
19
18
18
18
18
18
19
21
21
22
22
24
24
21
21
20
20
19
18
18
17
17
17
17
14
13
14
15
15
15
15
14
12
12
10
9
9
8
8
8
8
8
7
8
8
9
10
12
12
12
12
12
10
9
9
8
8
8
8
7
7
7
7
7
7
8
8
7
8
9
12
14
17
19
21
20
21
21
21
22
24
27
24
27
33
36
33
30
28
27
26
24
22
21
24
26
27
30
28
31
29
30
31
28
24
24
27
28
29
29
28
28
28
28
30
32
33
34
33
32
31
29
28
28
27
27
22
22
21
21
20
19
18
16
15
14
14
14
14
16
21
30
37
34
36
36
36
38
37
37
36
32
30
29
28
27
28
29
28
28
27
27
28
33
41
45
51
57
60
64
67
67
67
69
68
65
62
60
56
50
44
40
36
30
27
22
21
18
17
15
14
12
12
10
10
10
9
9
9
8
8
13
16
16
16
15
17
18
18
19
18
17
15
14
13
12
10
9
9
9
8
8
8
8
7
7
7
7
7
7
7
9
10
13
14
15
15
14
15
14
14
14
17
17
15
16
15
15
14
12
12
10
9
9
8
8
8
8
8
8
8
8
8
7
7
7
7
7
7
7
7
7
6
6
6
7
7
7
7
7
7
7
7
7
7
7
7
8
8
7
7
7
7
7
7
7
7
7
7
7
7
7
7
7
7
6
7
7
7
6
7
7
7
6
6
6
7
5
6
6
8
8
7
7
7
7
7
7
7
7
7
7
7
7
7
7
7
7
7
7
7
7
7
9
10
14
18
20
24
27
30
32
36
40
43
46
49
51
51
53
56
57
57
57
57
55
52
51
51
52
56
56
56
60
61
64
64
63
61
57
55
56
60
57
56
52
50
46
45
41
37
32
29
24
21
19
18
15
14
12
12
10
9
9
9
8
8
9
8
8
9
10
9
9
9
8
8
8
8
7
7
7
8
7
7
7
7
7
7
8
8
8
8
9
10
10
9
9
10
19
24
25
25
27
24
22
22
22
22
22
22
22
21
19
17
15
14
13
12
12
13
12
10
10
10
9
9
8
8
8
8
7
7
7
7
7
7
7
7
7
7
7
7
7
7
9
9
10
13
17
20
24
28
31
33
38
39
37
38
43
43
43
42
42
45
43
43
42
43
43
42
42
40
37
36
31
28
27
25
22
22
21
22
22
21
20
20
20
21
21
26
29
32
36
37
38
37
38
40
40
41
41
42
43
42
41
43
46
50
55
58
60
60
60
57
55
49
45
48
45
40
33
30
27
24
21
19
18
17
15
14
13
12
12
10
10
9
9
9
8
8
8
8
8
7
7
7
7
7
7
7
7
7
7
7
7
7
6
7
7
6
6
6
7
7
8
7
8
8
9
8
9
9
8
8
9
10
12
10
10
15
18
20
22
27
28
28
29
28
30
32
32
33
37
37
39
41
38
36
31
29
27
22
21
20
18
17
15
14
14
12
12
12
12
12
12
14
15
15
14
14
12
13
12
12
12
12
12
12
10
12
14
17
17
15
14
20
20
19
18
17
15
14
12
12
10
9
9
8
8
8
8
7
7
8
8
9
9
9
13
33
42
68
90
120
114
113
147
177
243
237
216
201
181
185
168
160
145
127
127
115
116
109
100
102
108
108
113
112
108
93
99
94
90
94
120
114
150
157
157
135
120
134
135
145
145
132
123
116
110
128
136
136
130
120
108
103
90
78
69
60
67
62
62
57
50
46
42
39
41
45
60
51
50
51
64
57
51
52
56
57
60
54
49
43
40
39
33
34
41
51
48
50
60
72
84
88
94
98
98
99
100
102
108
99
90
87
80
75
67
64
65
58
54
51
51
51
52
48
46
46
46
48
49
49
51
52
56
55
55
52
55
51
48
48
42
38
37
31
28
28
31
30
29
28
26
27
25
27
28
29
29
28
31
29
34
37
37
32
40
36
31
28
31
39
45
52
61
60
57
55
49
48
52
60
64
67
75
79
86
86
92
93
96
100
98
98
96
87
86
82
73
63
67
67
58
57
57
58
55
55
50
48
46
46
41
39
37
32
29
29
27
24
24
24
26
25
27
27
24
24
27
27
28
29
31
32
33
31
30
30
30
28
27
27
28
29
33
30
28
29
28
29
27
22
31
36
37
38
41
40
43
41
40
40
41
40
41
38
38
40
38
37
37
38
41
48
46
49
51
56
60
60
62
62
62
64
62
60
57
56
52
52
50
51
50
50
50
48
55
57
61
61
67
70
76
75
67
77
85
84
86
89
93
112
169
159
142
130
204
200
211
238
210
188
176
169
153
163
182
205
208
182
156
137
127
120
103
89
80
68
60
52
46
56
84
108
133
153
187
235
303
388
456
511
547
573
568
572
632
765
916
1004
1004
1003
1003
1004
1004
957
857
758
657
582
518
435
373
327
329
322
319
319
325
331
344
339
362
373
381
382
377
365
353
349
353
354
356
357
360
362
361
356
353
344
334
325
308
290
273
248
236
221
209
197
188
183
180
178
177
180
184
192
197
187
182
178
177
171
169
168
169
168
175
183
189
196
201
209
213
216
218
217
214
214
211
210
205
199
199
198
201
196
189
182
175
168
162
159
145
136
124
112
100
88
84
75
72
70
67
64
64
74
76
90
90
86
79
76
90
123
129
128
123
110
97
89
84
85
90
86
76
67
81
103
103
120
145
136
128
130
117
100
89
80
72
62
52
46
40
37
33
32
32
33
37
40
40
43
45
45
49
52
94
117
116
108
100
93
86
79
76
70
65
61
60
58
63
70
76
73
72
89
87
88
100
115
157
161
163
162
158
153
153
148
130
112
96
81
69
60
70
81
80
98
104
99
90
87
78
76
69
78
90
84
78
78
70
62
62
67
74
80
90
93
103
115
125
130
142
145
148
148
144
135
130
122
106
109
103
98
88
81
80
78
69
64
55
48
43
40
33
30
27
24
22
27
32
41
43
40
40
36
31
28
24
21
20
19
20
22
22
22
21
20
21
19
18
17
15
14
14
13
12
14
20
31
48
55
56
51
45
42
52
76
115
157
171
163
149
126
109
94
80
68
60
51
44
40
33
30
27
28
42
65
77
74
65
56
48
41
38
32
29
27
22
21
19
17
15
14
12
12
10
9
9
14
21
28
48
68
77
72
63
55
48
41
38
43
64
128
243
355
426
436
408
365
316
267
228
196
171
158
150
149
147
145
144
135
136
135
123
127
168
177
161
189
183
162
149
279
398
377
321
286
267
262
284
296
296
261
233
200
186
201
248
252
246
216
238
273
283
365
386
373
334
320
338
339
338
316
282
246
218
209
218
210
195
173
151
128
113
100
103
98
90
84
77
68
65
67
62
62
75
97
113
120
120
114
109
100
88
78
70
69
64
56
49
42
38
41
58
86
118
126
122
106
94
97
92
79
69
74
80
86
93
84
106
126
144
157
163
163
170
171
171
171
178
163
145
132
130
135
134
147
153
163
177
196
210
223
234
243
242
259
265
282
294
300
300
312
318
325
327
325
319
309
306
297
292
289
284
277
266
262
257
257
258
259
254
248
240
236
233
229
233
229
214
218
225
228
221
225
220
208
225
228
220
217
216
214
214
210
207
201
199
197
199
196
195
192
192
192
193
196
197
192
195
195
195
192
192
195
190
192
189
195
196
195
190
188
183
177
177
172
169
162
154
149
144
135
130
126
122
117
113
110
109
104
106
108
108
106
108
110
110
116
124
135
136
142
151
159
162
162
158
147
124
106
96
88
78
80
88
90
88
81
75
67
58
50
43
38
32
28
24
21
19
18
16
15
14
12
12
17
18
17
15
14
13
12
10
9
9
9
8
8
8
8
7
7
7
7
7
7
7
7
7
8
7
7
7
7
7
9
12
15
17
18
16
15
22
33
42
48
45
41
37
31
29
28
28
31
31
28
24
24
21
22
27
30
36
38
38
40
37
37
37
38
41
44
45
48
50
54
50
50
49
48
48
46
46
45
43
42
41
41
40
36
31
31
37
38
37
37
37
37
37
36
33
32
30
28
27
22
21
20
20
21
22
22
24
27
28
29
31
31
33
36
36
33
31
28
27
24
22
21
22
21
20
19
18
18
18
17
16
15
14
12
10
10
9
9
8
8
8
8
7
7
7
8
10
9
9
9
8
8
8
8
8
8
8
8
9
8
8
8
8
7
7
7
7
7
7
7
7
7
7
7
7
7
7
7
7
7
7
7
7
7
6
7
7
6
7
6
7
6
5
6
5
6
6
6
5
6
6
6
6
5
6
5
7
8
8
8
8
8
8
8
7
7
7
7
7
7
7
8
9
17
17
17
18
18
19
21
22
26
27
28
29
30
30
30
31
30
29
28
27
26
27
30
30
30
31
32
37
40
43
46
50
51
55
57
60
62
64
64
65
66
66
65
61
61
66
62
61
58
57
57
57
57
57
58
58
58
58
56
56
51
48
46
43
42
42
41
42
43
45
46
45
45
48
48
49
49
49
48
48
46
43
40
36
31
29
24
21
19
18
18
18
18
17
18
19
19
18
18
18
17
17
16
19
19
20
22
20
18
17
15
14
12
10
10
9
9
9
8
8
8
8
7
7
7
7
7
7
7
6
7
6
6
6
6
6
6
5
6
5
6
6
7
7
8
8
9
9
8
8
9
10
10
12
13
14
15
15
16
17
17
16
17
19
24
27
28
28
29
30
32
37
31
30
32
33
29
28
24
21
19
18
15
14
12
12
10
9
9
9
9
10
10
10
10
10
12
15
21
22
22
22
21
22
26
27
28
28
28
28
29
32
33
38
40
42
43
48
46
44
43
42
42
42
41
40
37
33
30
29
27
29
25
22
19
19
21
19
18
15
14
12
12
10
9
9
9
9
9
8
8
8
7
7
7
7
7
7
7
7
7
7
7
7
7
7
7
7
7
7
7
7
7
7
7
8
7
7
9
10
13
12
10
10
10
10
10
10
10
13
14
14
14
12
12
10
9
9
9
12
12
10
9
10
10
12
12
12
12
12
10
9
9
9
8
8
8
8
8
8
9
8
8
8
8
7
7
7
7
7
7
7
8
8
8
8
8
8
8
8
7
7
8
8
8
12
14
14
14
13
12
12
10
9
9
8
9
8
8
8
8
9
9
8
9
8
8
8
8
7
7
7
7
7
7
7
7
7
7
7
7
7
7
7
6
6
6
6
7
7
7
8
8
8
8
9
9
9
9
9
9
8
8
8
8
8
7
7
7
7
8
9
10
12
12
10
12
15
18
21
26
27
28
28
28
27
24
28
32
33
33
36
36
38
37
38
38
40
40
40
40
41
41
41
41
40
38
37
36
38
41
48
56
62
72
78
85
87
90
92
96
97
100
104
108
109
108
105
104
104
101
102
99
96
93
88
85
80
75
75
74
72
73
72
72
73
68
61
62
65
65
63
62
61
58
57
56
55
55
52
51
51
51
52
56
60
65
68
75
86
104
136
187
256
353
469
601
748
898
1002
1002
1002
1002
1004
1003
1003
1003
1003
1003
1003
1003
1004
1002
1002
1002
1003
1003
1003
1004
1003
1003
1003
1003
976
938
900
865
824
787
750
728
744
769
769
753
726
688
653
613
570
535
507
478
451
423
389
356
325
292
259
229
199
170
145
122
103
88
78
72
69
68
69
70
70
73
75
75
75
75
75
75
76
76
78
85
90
96
100
103
109
113
114
113
112
111
113
114
122
127
135
149
159
159
161
166
168
171
173
177
182
185
188
192
196
199
204
208
214
218
221
223
228
229
233
234
237
242
243
243
243
243
246
246
247
246
246
244
243
242
238
237
236
235
235
234
232
230
228
223
218
216
213
209
205
202
200
197
196
195
192
192
195
197
188
186
186
185
183
182
180
176
176
174
172
171
171
171
171
172
172
173
175
176
180
182
183
185
186
188
190
195
196
196
195
195
197
199
199
201
201
201
207
209
213
218
223
228
233
235
235
235
235
233
224
216
208
200
193
185
175
163
151
136
124
113
103
94
82
69
64
61
57
55
55
53
56
56
56
55
55
52
52
55
57
61
65
69
75
77
80
84
86
86
86
86
85
81
80
76
75
74
74
75
77
78
80
81
84
84
84
84
81
80
78
77
76
79
80
80
80
80
79
78
77
75
74
75
76
74
75
76
81
86
84
84
84
84
81
80
78
76
72
67
65
65
67
67
65
65
64
64
64
62
60
56
53
50
48
45
42
41
38
39
42
42
45
48
50
52
57
61
67
70
74
77
84
88
94
100
104
109
115
120
126
130
133
135
136
137
142
144
150
157
157
153
157
158
159
159
159
158
158
157
156
152
148
145
139
137
137
136
134
133
132
130
130
127
126
126
124
121
115
112
106
101
100
99
100
99
102
102
104
104
102
102
102
103
104
106
106
105
105
103
100
100
97
94
89
87
84
80
78
82
86
84
78
77
74
70
66
63
57
51
45
40
33
30
27
24
21
19
17
15
14
12
12
10
9
9
8
8
8
8
8
7
7
7
7
7
7
8
10
14
18
21
22
27
28
29
32
40
41
41
40
38
37
33
31
30
31
29
27
28
27
27
28
28
22
21
20
18
17
15
14
14
14
15
15
17
17
15
15
15
14
12
10
10
9
9
8
8
8
8
8
9
10
9
9
12
12
12
12
12
12
12
13
12
12
12
10
10
9
9
8
8
8
8
8
8
9
10
14
16
18
18
18
20
18
17
21
27
29
32
37
41
42
43
44
46
46
46
45
45
46
45
45
45
45
45
43
42
41
39
38
38
38
38
38
38
37
38
39
39
41
41
42
45
48
49
50
52
55
56
58
61
63
64
65
65
64
64
64
64
64
65
67
63
57
50
51
52
52
51
52
56
55
55
52
52
51
51
49
46
43
38
36
33
31
31
36
39
43
46
49
52
55
57
57
56
56
56
56
56
53
52
50
49
46
46
43
42
40
38
36
33
32
30
28
24
24
22
21
22
24
24
28
29
30
30
30
30
29
27
24
29
29
27
22
21
19
18
17
14
13
12
10
9
9
9
8
8
8
7
7
7
7
7
7
7
7
6
7
6
6
5
5
5
7
8
8
8
8
8
8
8
7
7
7
7
7
7
7
7
7
9
15
20
28
36
42
50
60
68
76
84
91
99
106
110
114
124
133
136
145
150
154
159
161
161
160
159
153
147
136
127
117
109
100
90
84
74
63
54
46
41
36
30
28
22
20
18
17
15
14
12
10
10
9
9
8
8
8
7
7
7
7
7
7
7
7
7
7
7
7
7
7
8
8
8
8
7
7
8
9
8
8
8
7
7
7
7
7
7
7
7
7
7
7
7
7
6
7
7
8
8
8
8
7
7
7
7
7
7
7
7
6
7
7
7
7
7
8
8
8
7
7
7
7
7
7
7
7
7
6
7
7
7
7
7
7
7
6
7
6
5
7
7
7
7
7
7
7
8
8
10
14
17
20
22
29
33
40
45
50
56
60
65
73
78
84
88
89
90
90
90
90
89
86
82
80
78
76
74
69
67
65
64
62
61
61
61
64
67
70
77
84
87
89
90
93
90
91
92
94
94
97
99
101
106
114
114
113
114
114
116
122
124
128
134
136
142
147
148
152
154
157
159
161
162
163
165
162
161
161
161
160
159
157
154
153
152
151
152
150
145
137
134
128
125
120
114
108
101
97
90
86
78
76
70
65
61
57
52
48
42
38
32
30
28
27
22
21
22
28
29
28
27
22
20
20
21
24
26
24
25
27
28
28
28
30
32
33
36
36
37
37
36
33
31
28
24
21
19
17
15
14
12
14
17
17
18
19
18
18
17
17
16
15
14
15
18
22
31
38
44
52
61
67
70
76
80
85
81
75
75
77
77
76
75
75
76
76
78
81
85
87
93
96
99
102
102
102
102
99
97
90
87
84
79
76
72
68
66
64
62
60
57
57
57
60
61
61
60
58
56
54
54
55
55
54
49
42
38
33
30
29
28
28
27
27
27
28
28
28
24
21
19
19
18
17
15
14
12
10
10
9
9
8
8
8
8
7
7
7
7
7
7
7
7
7
7
6
6
7
7
7
6
7
6
6
6
6
5
7
7
8
8
8
8
8
7
7
7
7
7
7
7
7
7
7
10
12
12
12
10
9
9
9
14
21
27
25
24
21
19
20
36
52
69
81
96
113
130
149
162
170
176
186
196
200
202
201
199
197
195
190
189
188
188
189
198
217
249
283
315
337
350
354
349
337
320
303
288
268
254
237
221
217
235
277
328
379
434
469
496
500
488
466
439
405
369
331
296
256
218
185
159
133
113
96
81
69
69
90
136
184
202
205
197
182
162
144
128
137
161
190
210
224
240
249
253
247
233
209
182
154
128
109
93
79
68
60
51
45
39
33
30
30
33
36
32
29
26
21
20
19
19
20
20
19
18
19
19
19
20
27
33
36
34
37
32
30
28
28
27
28
30
31
30
29
27
22
20
18
16
15
13
12
10
10
9
9
8
8
8
7
7
7
7
7
7
7
7
7
6
6
5
6
6
5
8
9
8
8
8
8
7
7
8
8
8
8
7
7
8
10
10
10
10
9
8
8
8
12
15
18
18
20
21
21
24
29
33
39
41
38
42
45
48
50
51
50
50
48
49
50
49
46
45
43
42
41
38
41
42
43
45
43
44
43
43
46
49
51
56
58
60
60
61
61
61
60
57
54
52
57
58
55
52
50
44
41
41
37
31
31
29
29
30
29
28
28
27
28
29
31
32
38
41
42
45
46
55
60
74
80
134
124
109
104
106
121
127
135
161
153
175
161
149
160
138
123
120
102
90
80
69
64
64
63
69
80
72
76
81
72
70
90
97
99
103
94
84
77
76
81
124
127
120
114
109
114
127
130
133
115
113
108
106
111
109
114
99
86
88
87
84
84
85
80
77
80
89
84
78
74
72
65
58
50
48
43
44
45
40
33
29
27
27
24
27
24
21
21
21
28
24
21
21
19
18
15
14
12
14
14
12
14
15
15
15
14
12
12
15
18
21
19
19
19
19
18
18
27
27
26
24
22
22
21
22
28
28
29
27
25
22
24
22
20
18
17
15
14
13
12
12
18
18
20
19
21
27
30
45
57
50
45
45
48
49
52
50
49
46
43
45
56
50
43
42
42
42
49
46
48
42
38
37
37
41
44
40
33
30
27
28
27
22
21
19
24
27
22
22
21
19
17
17
15
16
17
20
20
21
21
20
29
36
36
44
40
34
31
50
67
67
57
50
46
41
42
41
38
37
34
33
38
37
38
40
38
33
42
48
41
45
43
52
60
55
52
50
46
41
39
41
49
52
76
75
80
69
61
57
65
72
78
67
60
52
57
62
63
68
62
67
62
61
76
84
77
65
62
64
61
58
56
55
48
45
40
33
30
27
22
20
18
18
27
24
22
20
18
18
17
20
21
21
18
21
22
25
31
38
40
34
31
29
27
27
28
24
21
19
18
18
22
27
22
20
18
17
15
17
17
15
14
12
10
9
10
10
10
10
9
9
9
8
9
8
9
9
8
8
8
7
9
8
8
8
7
7
7
7
9
9
10
10
10
14
15
14
18
24
29
29
31
33
38
45
55
65
72
75
75
70
61
55
49
43
38
32
29
26
22
20
18
17
15
14
12
10
10
15
15
14
12
10
10
10
10
9
9
8
8
8
8
8
10
10
12
10
12
10
10
10
13
18
18
15
14
12
10
10
9
9
8
8
8
8
7
7
7
7
8
9
12
17
20
22
22
21
19
17
15
14
12
12
10
9
9
8
14
14
13
12
10
9
9
8
8
8
8
7
7
7
7
7
7
7
7
7
7
7
6
6
8
9
13
16
18
19
21
21
21
21
22
22
24
21
20
19
18
17
14
13
12
10
9
9
9
8
8
8
7
8
7
7
7
7
7
7
7
7
8
8
7
7
8
9
9
9
9
9
9
8
8
9
9
9
9
8
8
10
10
10
9
9
9
10
12
13
16
19
21
26
29
31
31
31
31
30
29
27
25
22
21
19
18
15
14
12
12
10
10
9
9
8
8
8
7
7
7
8
9
9
9
8
8
7
7
7
7
7
7
7
7
7
5
6
6
6
5
5
6
5
6
6
7
7
8
9
10
12
14
15
15
14
14
12
10
10
9
9
8
8
8
8
7
7
7
7
8
8
9
8
8
8
8
8
7
7
7
8
8
7
7
7
7
7
7
6
7
7
6
6
6
6
6
5
6
5
5
5
5
7
7
8
8
7
7
7
7
7
7
7
7
7
7
6
6
6
6
6
6
5
6
6
6
5
5
5
6
7
6
7
7
7
8
8
8
7
7
7
10
10
10
9
9
8
8
10
12
14
17
18
18
18
18
17
15
14
12
10
10
9
10
10
14
18
18
19
20
19
18
17
15
14
12
12
10
9
9
9
8
8
8
7
7
7
7
7
9
12
15
17
19
21
27
29
30
30
27
24
25
27
22
21
19
18
15
14
14
12
12
10
12
10
10
9
9
8
8
8
9
10
9
9
8
8
8
8
7
7
7
7
7
7
7
7
7
7
7
6
7
8
9
12
12
15
18
20
20
20
21
21
21
24
22
21
20
19
18
17
14
17
18
16
14
13
12
10
9
9
9
9
9
9
10
12
13
12
12
10
10
12
12
14
16
20
27
31
36
38
41
42
43
45
48
50
50
51
50
49
50
50
50
49
49
48
46
46
46
46
46
45
41
38
36
32
29
27
22
20
18
17
17
18
17
15
14
13
13
12
10
10
9
9
8
8
8
8
7
7
7
7
7
7
6
6
7
6
5
6
7
7
7
6
6
6
6
5
6
7
6
7
7
8
9
9
8
8
8
7
7
7
7
7
7
7
7
7
7
6
6
8
9
10
9
8
8
8
8
8
8
8
9
12
17
19
21
22
24
27
28
30
32
33
36
36
31
30
28
27
24
21
20
19
18
17
17
18
17
17
18
19
20
21
26
28
30
31
32
33
33
32
29
26
21
19
17
15
14
12
12
10
9
9
8
8
9
9
8
8
8
7
7
7
7
7
7
7
7
7
7
6
6
5
5
5
5
5
6
5
5
7
8
10
15
19
22
27
31
36
40
42
45
46
45
48
48
48
46
45
42
41
41
41
39
38
38
37
37
38
39
39
38
37
36
34
32
31
31
29
26
24
28
28
27
28
28
28
28
28
27
22
21
19
19
17
15
15
14
14
14
15
15
15
15
15
17
19
21
21
21
20
19
18
17
16
15
16
17
16
15
15
17
15
15
14
13
12
10
10
9
8
8
8
8
8
7
7
7
7
7
7
7
7
9
9
10
10
12
10
9
9
9
8
8
8
8
7
7
7
7
7
7
7
7
7
6
7
7
8
8
8
8
8
9
9
9
10
10
10
10
10
12
14
15
17
18
19
19
20
21
21
24
27
27
28
29
31
36
38
38
36
33
31
29
28
27
22
20
22
24
21
20
18
18
15
14
13
12
10
9
9
8
8
8
8
7
7
7
7
7
7
7
7
7
8
8
9
10
10
10
9
9
9
8
8
8
8
7
7
7
7
7
7
7
7
7
7
5
6
6
7
6
5
7
7
7
7
7
7
7
7
7
7
6
6
9
9
9
9
8
8
8
8
7
7
7
7
7
7
7
7
7
7
7
8
7
7
7
7
7
7
7
7
7
6
6
7
6
5
5
5
5
5
5
6
7
7
7
8
8
9
9
10
12
14
18
21
24
29
31
36
38
40
43
48
50
52
52
48
43
42
48
48
48
46
45
43
41
38
36
32
40
50
58
64
67
70
70
72
70
67
62
58
55
52
51
49
46
45
42
40
36
33
31
31
30
29
30
31
30
30
29
27
24
21
19
17
15
13
12
10
9
9
9
9
9
9
9
8
8
8
8
8
12
10
9
9
9
9
10
10
10
10
14
14
17
18
19
20
22
27
28
29
31
32
33
31
28
24
21
19
17
15
14
13
12
10
10
9
9
8
8
8
8
7
7
7
7
7
7
7
7
6
6
7
7
7
8
8
10
14
17
19
21
22
28
29
27
24
30
30
29
29
31
32
33
33
32
31
30
30
31
29
28
24
21
19
18
16
14
13
12
10
9
9
9
8
8
8
8
7
8
8
8
8
8
8
8
8
8
9
9
9
9
8
8
8
8
7
7
7
7
7
7
7
7
7
7
7
7
7
7
7
7
7
7
9
9
9
9
9
8
8
8
8
7
7
7
7
7
7
7
7
7
7
7
6
6
6
6
5
5
7
6
7
6
7
5
5
5
5
5
5
5
5
5
5
7
8
8
8
9
9
10
9
9
9
8
8
8
7
8
7
7
7
7
7
7
7
7
7
7
7
7
7
7
7
7
7
7
7
7
7
6
6
6
7
8
9
14
17
18
17
17
15
15
14
14
12
12
14
14
14
14
15
18
21
22
24
22
24
25
25
24
27
27
28
28
26
22
20
18
17
15
14
12
10
10
9
9
8
10
12
12
10
9
9
8
8
9
12
10
10
12
12
12
14
14
14
14
15
17
17
18
17
15
14
12
12
14
17
21
27
30
32
37
38
40
41
41
40
38
33
32
30
29
27
22
21
20
18
18
17
15
14
12
10
10
9
8
8
8
8
7
7
7
8
8
8
8
8
7
7
7
7
7
7
7
7
7
7
7
7
7
7
7
6
6
6
6
5
6
6
7
7
7
7
7
7
7
7
7
6
6
6
6
6
5
5
6
7
7
8
9
12
13
14
14
14
13
12
12
10
10
10
10
12
14
19
24
25
21
21
21
21
20
18
17
14
14
14
14
13
15
17
17
18
22
27
29
29
31
31
30
28
26
24
22
21
20
21
22
21
20
20
19
18
18
16
14
12
12
10
9
9
8
8
8
8
7
7
7
7
7
7
8
8
8
9
10
10
10
9
9
12
14
14
12
12
10
9
9
8
8
8
8
7
7
7
7
7
7
6
7
7
6
6
5
5
5
6
5
5
5
5
6
5
5
5
6
5
5
5
5
5
5
6
6
7
6
6
6
5
5
5
5
5
6
5
5
5
5
5
5
7
8
9
8
8
8
8
7
7
7
7
7
7
7
7
7
7
7
7
6
6
6
5
7
7
7
7
7
7
6
5
6
6
6
7
7
7
7
7
7
7
7
7
7
8
8
8
8
9
9
9
9
9
10
10
10
10
12
12
13
12
12
10
10
9
9
9
8
13
14
14
14
12
10
10
10
9
9
8
8
8
7
7
7
7
7
7
7
7
6
7
6
6
7
7
7
7
8
8
9
12
12
15
15
17
18
19
19
20
19
19
19
19
19
21
24
27
28
30
32
34
36
38
38
40
38
40
39
38
40
40
38
32
30
33
33
30
27
22
20
18
17
15
13
12
10
9
9
10
10
14
15
18
20
27
28
30
30
28
25
22
20
18
17
14
13
12
10
9
9
8
8
8
7
7
7
7
7
7
7
6
7
7
7
7
7
7
7
7
7
7
7
7
7
9
9
8
8
8
8
7
7
7
7
7
8
8
9
8
8
8
8
8
8
8
8
8
8
8
8
8
10
12
12
14
15
15
15
14
13
14
15
17
18
18
19
19
21
21
21
20
20
19
17
14
14
12
10
9
9
9
8
8
8
8
7
7
7
7
7
7
7
9
9
8
8
8
8
7
7
7
7
8
8
8
8
8
8
9
10
12
13
14
12
12
12
10
10
9
9
8
8
8
7
7
7
7
7
7
7
7
7
7
7
7
7
6
7
7
7
7
7
7
7
7
7
6
6
5
5
5
5
5
5
5
6
8
8
9
8
9
8
9
10
10
9
9
8
8
8
8
8
8
8
8
8
7
7
8
8
7
8
7
7
7
7
7
7
7
7
7
6
7
7
8
8
9
10
10
10
10
10
12
13
12
10
10
9
9
8
8
8
7
8
7
7
7
7
7
7
7
7
7
8
8
8
7
7
7
7
7
7
7
6
7
7
10
12
15
18
20
22
27
27
27
28
29
28
30
32
36
38
41
43
46
50
50
50
55
56
56
56
52
50
48
42
39
33
29
27
22
21
19
17
15
14
12
10
10
9
9
8
8
8
10
12
10
9
9
8
8
8
7
7
7
7
7
7
7
7
7
8
8
8
9
9
9
10
12
14
17
18
21
21
22
21
19
17
16
14
14
14
14
14
15
15
15
15
17
18
20
19
19
18
15
14
14
12
14
15
14
14
14
12
12
12
14
14
13
14
21
27
29
31
36
38
38
40
40
38
37
33
30
29
27
22
20
18
17
15
14
12
12
10
10
9
9
9
9
9
10
12
13
14
15
17
16
15
14
12
10
10
9
9
9
9
9
9
8
8
9
9
9
9
8
8
8
8
7
7
7
7
7
7
7
7
12
14
14
12
12
10
9
9
8
8
8
7
7
7
7
7
7
7
8
9
9
10
13
14
14
13
12
10
9
9
9
8
8
8
7
7
7
7
7
7
7
7
7
6
7
7
6
6
6
6
6
6
5
7
7
6
7
7
6
6
7
7
7
7
7
9
8
8
8
8
9
9
9
8
8
8
8
7
7
7
7
7
7
7
7
7
6
6
5
6
6
6
5
5
5
5
7
8
9
9
10
13
12
12
12
10
10
10
10
10
10
10
10
9
9
8
8
8
8
8
7
7
7
9
10
9
9
8
8
8
8
7
7
7
7
7
7
7
7
7
7
7
7
7
7
6
6
6
5
6
5
5
7
7
7
7
7
6
6
5
6
5
5
5
5
5
5
5
6
6
7
7
7
7
7
7
7
7
7
7
6
6
6
7
6
6
7
9
9
10
12
12
12
12
12
12
12
12
10
9
9
8
8
8
8
7
7
7
7
7
7
7
6
7
7
7
7
5
6
6
5
5
5
5
5
5
5
5
5
5
6
7
8
9
10
10
9
9
9
8
8
8
7
7
7
7
7
7
7
7
9
8
8
8
8
7
7
7
7
7
7
7
7
6
7
7
7
7
7
8
8
8
8
7
7
7
7
7
7
8
8
9
9
9
9
8
8
8
7
7
7
7
7
7
6
6
6
5
6
5
5
5
5
5
5
5
5
6
6
5
6
5
5
7
7
7
7
7
7
7
7
7
7
7
7
7
7
7
7
7
7
7
7
7
7
7
8
9
10
13
14
15
17
17
17
15
14
14
12
12
10
10
9
10
9
9
9
10
12
15
19
25
29
32
38
40
43
46
49
51
49
42
42
45
46
45
43
41
40
38
37
37
34
32
31
30
30
30
30
28
24
21
20
18
17
17
15
14
15
15
16
16
15
15
16
18
20
20
21
21
21
21
22
22
24
24
24
22
21
20
20
22
24
27
29
29
28
28
27
27
22
21
21
27
26
24
24
22
21
21
19
17
15
14
12
10
10
9
9
9
9
10
12
12
12
14
12
10
10
9
9
8
8
8
7
7
7
7
7
7
7
7
7
7
8
8
8
7
7
7
7
7
7
8
8
8
8
8
8
9
9
8
9
17
21
24
27
28
29
29
29
29
28
28
28
28
28
29
29
29
29
28
27
25
24
26
27
29
30
32
37
40
43
46
50
55
58
62
64
65
65
65
65
64
64
60
57
56
56
57
58
61
61
61
61
61
60
57
54
50
46
41
38
42
42
42
42
42
43
44
45
46
48
49
49
48
45
41
38
38
37
37
37
37
37
38
40
41
40
39
39
40
39
38
37
36
31
29
27
22
21
19
18
15
14
13
12
10
9
9
8
8
8
8
8
8
8
7
7
7
7
7
8
9
8
8
8
8
8
7
7
7
7
7
7
7
7
6
6
6
6
5
5
5
5
6
5
5
5
5
5
5
6
6
5
6
5
5
5
5
5
5
5
5
5
5
5
5
5
5
5
5
5
5
5
5
5
6
6
5
6
9
9
9
9
12
12
12
10
10
9
10
10
12
12
12
12
14
13
13
12
10
10
12
12
14
14
14
14
14
12
10
10
9
9
9
8
8
8
8
7
7
7
7
7
7
6
7
6
6
6
5
5
7
7
7
8
9
9
9
10
19
21
22
24
26
27
25
22
21
19
17
15
14
12
10
10
9
9
8
8
8
8
7
7
7
7
7
7
7
7
7
7
7
7
7
7
7
7
7
7
7
7
7
7
7
8
10
13
17
20
24
27
30
32
36
38
41
41
38
37
41
41
40
38
38
36
33
31
30
30
30
31
30
29
29
28
29
27
28
29
31
31
33
36
37
38
38
40
41
42
43
44
44
44
43
42
41
38
33
31
29
27
27
25
22
21
19
18
17
15
16
16
16
