UDP server up and listening
38
37
33
37
32
31
31
32
30
29
28
30
33
46
58
55
46
41
36
32
29
31
28
24
21
31
38
36
57
55
50
55
46
42
40
41
39
33
34
32
30
33
30
34
44
40
38
45
41
36
30
28
29
27
37
36
33
31
31
29
29
31
49
86
81
89
86
72
62
57
57
65
56
55
50
43
37
32
28
37
34
32
31
43
39
36
30
31
33
31
42
46
40
38
37
33
30
28
31
31
41
50
46
40
34
30
28
24
22
20
19
21
24
22
27
24
22
21
20
20
31
33
55
55
48
42
37
32
29
38
37
40
36
32
29
29
29
26
27
29
30
29
28
31
28
27
22
22
22
22
29
27
22
22
24
21
19
17
15
14
12
10
15
27
28
25
22
20
18
17
15
17
20
22
26
31
30
37
37
38
38
33
40
37
31
29
28
24
30
30
29
36
34
36
31
28
29
28
26
28
31
31
32
29
28
36
32
30
29
29
31
30
27
22
21
19
22
32
31
28
24
27
28
28
24
28
27
29
32
31
39
46
46
45
41
41
45
40
40
38
45
43
55
56
53
55
51
68
72
62
60
51
46
45
40
36
31
29
31
31
28
24
24
24
21
24
30
48
86
90
108
102
96
84
77
77
80
77
68
60
51
45
40
33
29
27
27
24
21
20
19
22
28
48
48
55
49
44
46
41
45
45
45
48
46
49
48
41
49
67
65
63
55
48
45
41
41
36
38
38
36
40
40
41
41
38
38
34
30
36
30
32
29
28
27
24
28
26
22
25
21
21
30
32
32
31
28
28
28
30
40
52
50
43
40
37
39
50
45
42
55
50
46
41
40
55
56
64
57
51
45
40
34
30
28
29
45
46
49
50
46
42
41
43
45
50
45
41
40
43
41
41
41
38
36
40
37
31
30
27
27
27
27
22
27
27
24
22
20
18
18
24
21
19
20
29
28
28
38
51
48
42
38
34
39
46
51
60
67
61
58
52
48
56
51
48
42
40
38
37
37
32
32
36
32
37
41
37
48
46
49
43
43
40
48
46
46
42
45
40
38
43
42
40
37
38
37
31
30
28
29
50
60
67
61
61
86
93
97
84
72
62
52
48
43
40
45
43
38
40
41
40
48
45
41
42
42
41
41
40
37
39
40
41
40
42
43
38
46
42
38
32
30
29
27
24
21
20
21
29
29
33
33
29
41
38
33
30
30
27
28
27
24
22
32
29
31
28
24
27
29
30
27
28
22
24
27
22
32
34
45
40
38
32
30
32
30
33
36
41
37
41
41
36
34
36
31
33
31
32
36
36
31
36
30
28
24
21
30
36
30
36
39
41
40
40
49
46
43
38
41
36
31
37
37
31
28
27
22
20
19
40
36
33
36
36
33
37
40
37
31
33
30
27
28
31
31
32
29
28
25
21
31
33
30
28
29
30
27
24
21
28
38
38
37
33
31
31
30
33
30
27
30
41
41
49
60
61
62
61
51
51
50
48
52
49
45
48
56
60
51
43
42
41
57
57
55
61
65
61
56
49
42
45
46
50
51
57
64
56
53
48
51
48
55
56
57
51
46
49
43
48
42
38
45
48
43
52
49
43
39
33
30
27
28
25
22
20
18
17
18
18
22
41
55
55
49
46
41
36
31
38
48
48
42
41
40
37
41
39
36
36
37
32
29
29
36
41
42
45
45
40
36
30
30
29
29
38
42
50
57
50
43
41
42
48
50
50
49
44
41
40
38
42
60
68
69
62
55
48
48
45
61
52
48
41
37
31
31
32
31
38
39
40
33
30
27
22
20
18
17
18
18
18
21
45
57
55
49
51
68
65
60
69
78
70
62
74
80
96
96
89
77
68
58
52
48
48
60
72
70
65
60
55
50
67
78
72
104
112
97
82
70
68
85
80
76
70
61
52
52
51
52
51
45
38
33
29
29
30
32
29
27
29
38
37
32
29
27
22
31
42
46
45
39
43
45
46
43
40
33
30
29
43
41
40
37
37
31
40
49
50
56
60
52
51
46
50
61
68
61
58
50
52
49
48
41
44
51
51
46
45
41
42
40
37
37
38
40
46
50
45
40
36
32
29
36
32
29
27
27
28
27
32
50
45
41
37
32
29
37
56
56
50
50
46
43
41
57
76
75
70
67
58
58
57
56
56
62
54
48
56
69
74
67
64
62
142
166
190
202
185
168
144
122
105
94
94
82
76
75
67
57
49
42
41
60
52
62
61
74
67
64
64
58
56
104
108
135
134
113
100
171
197
272
269
248
211
182
176
169
157
160
159
138
132
122
106
90
77
68
58
51
44
38
32
30
27
28
28
28
51
49
45
40
37
33
37
41
36
31
31
30
30
30
38
53
76
74
64
72
85
75
87
89
77
67
68
61
56
61
67
76
117
110
94
81
76
76
124
123
115
98
86
78
73
64
70
78
84
81
70
61
56
49
52
55
67
72
63
57
66
57
56
86
88
79
67
67
62
62
62
72
70
78
77
74
64
60
78
81
84
77
69
65
66
62
52
60
55
57
51
49
46
45
41
36
37
32
30
33
31
28
28
24
21
28
29
27
27
22
32
30
30
40
51
49
45
42
37
32
42
54
67
74
65
56
49
50
49
46
48
41
36
30
41
40
39
37
38
33
30
28
41
52
62
65
60
64
61
52
48
46
44
56
52
48
45
40
37
44
51
57
67
57
50
51
51
51
58
57
50
57
52
56
70
69
68
62
57
52
64
57
58
69
62
57
64
64
64
61
77
69
68
60
62
69
65
87
93
113
99
99
90
86
84
100
117
110
96
94
93
90
110
123
110
109
100
86
76
70
72
76
85
99
94
98
90
96
90
97
103
90
94
102
113
122
115
108
100
97
84
70
61
74
72
85
86
75
76
74
65
70
103
108
102
90
79
75
75
89
115
115
126
113
97
87
85
100
92
87
78
75
65
66
78
77
80
75
64
64
65
58
62
57
56
51
52
46
41
42
40
38
52
51
48
54
51
45
41
49
50
48
55
56
57
58
53
48
50
49
62
70
62
61
64
75
69
62
60
65
76
76
77
74
69
70
81
77
94
88
88
79
74
74
72
69
84
84
79
78
94
116
130
137
134
123
122
116
114
104
104
106
113
111
100
89
78
78
69
65
75
89
99
86
76
74
74
75
75
67
67
62
75
96
103
102
90
80
69
67
62
60
67
58
57
67
69
68
76
67
60
56
50
46
42
61
89
117
129
115
105
93
80
85
94
87
88
100
170
163
182
195
190
172
148
142
130
128
126
136
120
134
127
122
126
127
111
109
115
148
150
134
124
110
102
88
84
81
74
68
58
52
51
52
52
48
42
42
56
67
74
65
64
57
51
45
57
63
60
62
57
57
50
88
106
122
104
94
89
109
128
142
144
130
112
96
81
109
130
122
115
115
159
183
197
207
181
153
126
109
93
114
122
108
94
79
68
58
50
46
49
42
64
69
62
60
52
45
40
48
61
53
51
46
41
36
37
37
40
50
76
78
76
65
56
48
42
42
57
102
149
151
138
130
142
148
163
171
175
196
240
221
192
166
137
145
154
205
202
214
238
224
224
209
182
153
127
144
134
115
99
88
80
74
65
57
50
43
38
37
41
61
76
72
74
63
55
51
51
60
74
66
60
53
57
67
94
96
90
82
70
68
125
242
249
221
189
166
148
133
115
105
105
93
85
94
87
80
89
85
80
70
62
57
64
61
81
87
96
84
84
80
87
85
74
86
90
96
85
87
80
78
84
76
66
66
60
72
77
66
86
76
69
69
60
64
57
56
50
57
56
51
52
67
76
67
68
68
61
57
56
52
50
57
52
60
57
80
78
69
79
84
74
68
64
56
61
55
56
85
80
69
60
51
50
64
76
75
87
84
73
64
56
67
75
68
67
61
52
46
54
49
75
75
69
62
52
46
46
49
48
43
40
36
37
48
64
74
80
70
62
76
80
90
103
103
90
77
68
69
77
78
84
84
73
65
56
74
70
70
70
60
56
51
61
56
80
78
93
84
70
72
70
87
96
96
97
85
70
62
81
78
115
104
104
106
96
84
87
88
84
100
96
87
84
81
80
77
70
61
54
58
75
85
75
74
68
63
78
69
80
98
89
80
70
76
93
93
102
94
86
79
69
69
75
75
87
81
72
67
65
69
84
100
130
125
112
96
87
87
96
89
85
86
76
66
61
70
62
57
68
80
85
93
78
68
60
55
56
58
57
86
78
72
69
61
56
49
50
49
56
58
60
62
64
55
48
48
61
63
62
56
49
42
38
61
61
60
51
45
49
48
46
41
40
33
36
36
40
42
41
50
49
64
78
97
166
211
226
211
185
184
197
272
278
256
223
189
162
137
120
106
96
84
70
61
51
45
40
33
30
27
31
37
39
41
36
30
31
36
38
38
50
60
60
52
46
40
34
31
29
32
42
56
67
73
70
64
57
50
48
50
52
74
91
86
75
64
55
48
45
41
36
37
38
41
40
38
36
31
28
29
28
25
28
28
27
24
22
21
19
18
20
21
19
18
17
15
15
14
14
14
17
20
19
22
21
20
21
21
33
31
36
41
40
33
30
33
36
38
39
43
41
42
55
70
89
99
104
112
108
96
81
72
64
56
55
58
60
65
74
76
84
86
86
93
96
98
97
96
90
86
85
80
76
65
56
49
43
38
33
43
100
192
326
485
616
713
766
720
629
562
500
430
364
320
296
284
283
286
286
279
280
268
257
253
246
238
230
220
209
198
186
173
161
149
135
121
109
96
81
69
60
61
57
64
93
85
77
67
57
60
67
75
77
69
58
50
50
52
57
62
62
62
65
70
72
74
75
72
69
65
62
62
61
62
60
55
48
41
37
33
30
28
27
27
24
24
22
21
21
20
20
19
18
15
14
12
12
12
10
12
14
17
20
28
33
42
54
65
76
87
96
103
113
117
118
116
112
109
100
96
88
82
77
70
64
57
52
48
42
38
32
30
27
22
20
19
18
24
28
24
21
19
17
15
18
28
46
65
81
93
102
98
98
97
99
97
98
101
108
114
124
132
144
158
166
176
186
192
200
209
216
220
224
213
201
196
195
193
194
197
197
200
204
207
216
229
247
265
274
282
289
291
292
291
289
285
285
286
284
280
272
268
266
266
268
272
277
282
289
295
301
308
310
310
315
316
316
316
315
315
316
315
315
315
310
306
303
300
298
302
306
302
302
301
302
301
300
300
296
291
286
284
284
284
284
282
281
279
276
272
270
268
266
267
267
268
272
274
276
277
277
279
282
283
276
277
277
277
277
273
272
270
268
266
262
256
249
248
244
242
240
237
235
233
233
233
234
234
234
234
232
226
223
214
208
201
196
188
181
175
169
162
156
150
144
135
129
123
117
114
111
109
104
100
96
89
86
84
78
70
67
62
58
56
51
49
48
45
40
33
32
33
36
37
37
37
33
33
33
32
30
28
28
27
22
21
20
18
17
17
15
14
13
12
12
10
10
9
9
8
8
8
8
7
7
7
7
7
7
7
7
7
7
7
7
7
7
7
7
9
10
13
14
17
17
17
17
17
15
14
15
18
20
20
20
21
21
24
24
27
27
28
28
29
28
27
24
22
27
27
22
21
21
19
18
15
15
13
12
10
10
9
8
8
8
8
7
7
7
7
7
7
7
7
7
7
7
6
6
7
7
6
7
6
6
6
6
5
6
7
7
6
6
6
5
6
6
7
7
7
7
7
7
7
6
7
6
7
6
7
6
6
6
6
7
7
7
7
7
7
7
7
6
9
10
9
9
8
9
9
10
10
15
14
15
15
14
14
20
21
26
27
30
33
36
42
43
45
48
49
48
51
51
50
51
46
45
42
37
31
28
27
26
24
21
20
18
17
17
15
14
12
12
19
21
30
43
85
109
104
88
76
70
69
74
75
75
74
70
65
60
56
49
42
37
31
28
24
21
19
17
15
19
17
15
14
12
12
25
29
27
22
20
18
17
17
17
15
14
12
12
10
10
13
15
14
12
17
18
17
15
14
14
12
12
10
9
9
8
9
8
8
8
8
8
7
8
8
7
7
7
7
7
7
7
7
7
7
7
7
7
7
7
7
7
7
7
8
10
32
101
122
133
133
136
124
106
90
78
72
62
55
50
46
46
50
60
67
67
60
51
44
40
38
34
32
36
36
34
33
33
33
30
29
30
29
27
22
20
18
17
15
15
13
12
18
33
46
56
55
57
61
57
53
46
40
36
30
27
22
20
19
21
19
19
20
22
27
33
36
38
42
45
50
48
48
46
46
44
42
41
45
45
41
36
31
28
27
27
28
27
27
24
24
22
20
18
17
15
14
12
12
10
9
9
8
9
9
9
10
10
12
15
16
18
18
17
18
18
18
18
18
20
20
22
24
21
27
30
32
34
37
38
36
38
40
38
37
37
33
29
30
37
41
41
44
42
43
48
49
52
55
57
60
62
64
65
65
65
67
68
67
68
69
69
76
76
77
78
78
76
76
72
72
68
65
67
62
60
58
60
60
63
64
65
66
68
69
67
67
67
66
64
61
60
56
53
52
50
43
38
36
40
41
42
42
44
45
42
40
40
36
32
29
27
26
22
21
20
18
17
14
14
13
12
14
15
17
17
17
18
20
24
28
31
29
28
28
28
29
30
29
27
24
21
21
19
18
18
18
18
20
22
27
29
29
27
27
24
28
28
27
24
26
31
32
30
30
29
27
26
22
22
20
19
19
20
20
21
21
21
22
21
19
17
15
15
14
17
18
19
21
19
25
22
21
19
17
15
14
12
10
10
9
9
9
9
8
8
8
9
10
12
14
15
17
17
19
18
19
20
18
16
14
13
12
10
10
9
9
9
8
8
8
9
10
10
9
9
8
8
8
8
8
7
7
7
7
7
7
7
7
8
7
7
7
7
8
8
8
7
10
12
17
21
24
25
24
24
21
21
19
19
20
19
18
18
21
22
22
21
20
18
18
18
17
15
14
18
22
22
24
27
25
28
28
27
26
24
27
27
22
21
19
17
15
14
13
12
12
10
10
10
9
9
10
12
15
18
20
27
29
31
31
33
38
38
37
38
38
40
37
36
33
31
29
27
22
20
21
21
21
22
24
28
27
29
28
27
26
22
20
20
22
28
27
24
24
22
21
21
19
17
15
14
14
12
12
12
12
13
14
18
18
19
18
17
17
15
14
14
14
14
12
12
10
9
9
8
8
8
8
7
7
8
8
8
8
8
8
8
7
7
7
8
8
8
9
9
9
8
8
8
8
7
7
9
12
12
12
10
10
10
9
9
9
8
8
8
8
8
7
8
7
7
8
8
7
7
7
7
9
8
9
12
14
15
18
17
15
15
14
13
12
10
9
10
10
9
9
9
9
8
9
9
8
8
8
7
7
7
7
7
7
7
7
7
7
7
7
8
10
10
10
9
9
8
8
8
10
15
14
14
14
13
17
17
15
21
22
21
18
17
15
14
12
12
12
10
10
9
9
8
8
8
9
9
10
12
12
10
10
10
10
10
10
10
9
14
13
22
96
127
133
134
120
103
87
76
67
57
49
42
37
31
28
24
21
19
17
18
15
14
13
12
14
13
17
18
20
21
22
24
31
31
31
38
39
42
45
45
46
50
56
60
65
68
68
72
72
74
76
77
77
78
81
81
85
88
89
93
92
93
92
89
88
85
79
75
67
58
56
51
46
40
36
30
28
26
24
22
21
24
29
31
29
32
33
38
41
40
40
37
32
29
27
24
21
22
24
22
22
24
27
27
29
34
41
45
50
56
60
58
58
60
57
61
60
62
62
68
69
62
65
60
52
46
41
34
30
28
24
21
19
18
16
14
12
12
10
10
9
9
8
8
8
8
10
14
12
12
10
9
9
9
9
9
8
8
8
9
9
9
8
9
10
12
12
12
10
12
10
10
14
41
38
41
37
32
29
28
27
25
22
20
20
21
19
18
17
18
18
17
15
14
12
10
10
10
20
21
19
18
16
16
14
14
15
14
14
12
10
10
10
12
10
10
10
10
10
10
9
9
9
9
9
9
10
14
12
12
13
14
13
13
12
12
13
14
13
14
13
12
12
14
17
18
19
22
22
21
22
24
27
28
27
27
24
26
27
26
22
22
20
21
20
21
24
25
26
28
28
29
28
26
22
20
20
20
21
19
19
20
21
22
21
28
27
28
28
28
27
24
24
22
22
21
19
20
19
19
17
17
19
19
20
21
24
28
28
30
29
37
36
36
38
36
33
33
36
34
31
32
33
33
33
32
32
33
33
33
32
32
33
32
33
31
29
32
38
38
38
38
37
37
33
30
27
26
21
20
18
17
14
14
12
10
10
9
9
8
8
8
8
7
7
7
7
7
7
7
7
7
7
7
8
7
7
7
8
8
8
7
7
8
8
8
9
9
10
12
12
12
12
12
10
9
9
9
8
8
8
8
7
9
10
10
10
12
14
12
12
12
12
12
10
9
9
9
9
9
8
8
8
8
8
8
8
8
8
8
8
8
8
10
10
10
12
12
12
14
14
15
14
14
14
14
12
10
10
10
9
9
12
10
13
15
16
17
18
18
18
18
16
14
14
12
12
12
12
12
10
9
9
9
8
8
8
8
9
9
9
12
10
10
9
9
9
9
8
9
8
8
8
8
7
7
7
7
7
7
7
7
7
7
7
7
7
7
7
7
7
6
7
7
7
7
6
6
7
6
6
6
6
6
6
7
6
7
7
7
7
7
8
8
9
9
9
9
12
12
15
17
18
20
22
21
21
20
20
19
18
18
15
15
14
14
14
15
14
14
13
12
13
14
14
16
16
16
17
17
18
18
17
17
17
15
15
15
15
14
14
13
12
13
12
14
14
14
13
14
12
12
14
14
12
12
12
10
9
12
12
10
10
9
9
9
9
9
8
8
8
8
8
8
8
8
7
7
7
7
7
7
7
7
7
7
8
8
10
12
14
17
17
18
17
18
17
18
17
17
15
17
17
16
15
15
15
14
15
15
15
15
15
16
18
18
19
20
20
21
21
19
18
21
22
22
22
22
20
19
19
19
18
17
16
15
15
15
15
17
16
15
14
14
14
18
17
18
19
19
22
24
24
28
28
27
28
29
31
31
33
34
37
38
38
38
37
34
34
31
30
29
27
24
21
19
17
15
17
17
17
18
20
19
21
20
21
22
21
19
17
15
14
14
14
18
18
18
18
19
21
20
21
21
20
21
22
22
24
27
27
28
31
31
33
31
31
31
29
28
24
21
20
18
17
17
16
15
19
19
19
20
20
20
21
20
19
20
27
27
27
22
20
19
18
17
15
14
14
14
12
13
20
21
20
19
17
19
21
21
20
19
19
18
18
17
18
17
14
14
14
13
12
12
12
15
18
21
24
28
29
32
31
31
29
28
25
22
22
21
21
19
18
17
15
15
14
14
14
14
15
18
19
21
22
24
24
22
21
21
21
21
20
18
17
19
22
24
21
21
22
22
21
20
19
17
15
14
13
12
12
10
10
9
9
9
9
9
9
9
9
9
8
8
8
8
8
7
7
7
7
7
7
7
7
7
7
7
7
7
7
8
8
8
8
8
8
9
9
8
8
8
8
8
8
7
7
7
7
7
8
10
9
9
9
9
9
10
10
10
10
10
12
12
12
10
10
10
10
10
10
10
10
10
10
10
10
12
15
15
17
18
19
20
20
21
21
21
21
22
27
28
30
31
33
36
40
37
32
40
43
46
51
54
52
51
57
61
64
64
66
67
65
66
65
64
66
69
67
60
55
50
48
43
41
40
37
32
30
28
27
24
24
25
27
27
26
26
21
19
18
16
14
14
13
12
13
14
17
18
18
18
20
24
27
29
29
29
30
30
30
31
34
38
40
39
40
40
39
38
36
37
33
31
29
27
22
20
19
18
16
14
13
12
10
10
9
9
8
8
8
8
8
8
7
8
9
10
12
15
17
20
22
29
32
38
41
58
66
57
50
43
38
32
30
27
24
21
19
17
15
14
13
12
10
13
12
10
10
10
10
9
9
9
9
12
15
17
17
18
17
15
16
18
17
17
14
19
19
22
24
41
46
49
45
40
33
29
27
28
25
21
19
18
17
15
15
14
14
17
28
41
41
36
30
30
27
24
21
20
19
18
17
17
14
14
12
10
10
9
9
9
12
21
22
20
18
19
19
18
18
21
31
29
27
22
20
18
17
15
18
19
38
33
31
30
27
25
24
22
22
21
27
27
29
36
41
37
31
28
29
30
30
33
36
31
28
27
22
20
18
17
15
14
13
12
20
21
19
17
15
14
12
12
12
17
14
13
12
10
10
10
10
10
10
12
12
13
14
12
15
18
21
22
21
20
20
19
21
19
19
21
21
18
17
15
14
12
12
14
13
14
18
17
15
17
17
15
14
13
12
12
12
12
10
10
9
12
10
10
9
18
21
28
28
26
22
21
20
22
20
18
19
19
17
24
22
20
20
18
17
27
27
30
46
43
38
39
38
33
30
27
22
21
18
17
15
14
12
12
12
12
12
12
12
10
12
12
12
15
14
14
12
13
15
14
14
21
21
21
22
30
28
37
31
28
27
30
55
54
52
46
40
36
32
30
38
60
56
50
43
39
33
29
27
22
20
20
24
21
19
17
15
14
12
12
10
14
12
10
15
21
20
19
17
15
14
12
12
10
9
9
12
15
14
17
15
14
13
12
10
9
9
20
19
17
17
16
15
14
12
10
12
15
15
17
21
22
24
27
25
24
21
19
19
21
21
20
18
20
18
17
16
14
14
12
12
10
10
10
10
10
10
9
10
9
14
18
18
17
15
14
13
12
10
10
9
9
8
8
8
8
7
7
8
7
7
7
7
7
7
7
7
7
7
8
7
7
7
7
7
7
7
7
7
7
7
7
7
8
10
17
20
25
29
36
37
38
37
36
40
40
37
36
33
30
28
28
24
26
24
27
24
24
26
31
30
37
38
39
41
40
41
39
38
38
33
34
30
27
22
22
19
18
16
14
13
12
12
13
13
17
17
20
20
18
18
18
19
18
21
20
19
18
15
14
13
12
12
10
31
32
56
51
49
66
64
57
51
45
40
34
30
27
27
22
20
20
21
22
20
19
18
15
15
14
12
12
14
13
14
19
20
29
60
78
70
64
56
48
41
36
30
28
28
24
24
29
27
29
32
38
32
29
27
24
22
22
22
32
40
46
56
49
49
50
55
48
43
38
36
40
46
61
57
50
43
38
32
30
29
30
33
30
33
31
29
27
24
20
18
17
15
15
13
13
13
12
12
12
12
31
44
46
43
37
32
28
24
22
22
24
21
24
21
20
27
28
29
28
27
30
30
27
22
20
18
17
15
14
12
12
12
12
12
12
10
10
10
14
18
17
18
34
34
43
42
45
41
38
36
32
31
32
31
28
27
29
30
28
30
31
31
28
38
33
30
29
28
24
24
22
21
21
19
18
19
20
19
19
18
16
14
14
13
12
12
16
14
14
12
12
10
10
10
10
9
9
8
9
12
12
12
14
14
12
12
17
19
22
22
22
22
21
20
21
20
20
19
18
16
17
15
15
15
15
17
14
15
14
15
17
19
19
19
22
21
21
22
26
24
28
28
28
24
21
20
19
18
18
19
19
19
21
19
21
22
22
24
28
27
22
21
22
22
21
19
18
17
18
17
14
14
12
12
10
9
9
9
8
8
8
8
8
7
7
7
7
8
7
7
7
7
7
8
7
7
7
7
7
7
7
7
7
7
7
7
7
7
7
7
8
7
7
7
7
7
7
7
7
7
6
6
7
7
7
7
7
7
7
7
7
7
7
8
8
8
8
9
9
9
10
10
12
12
10
10
9
10
9
9
9
9
8
8
8
8
8
7
7
7
8
8
8
8
8
8
9
10
12
13
14
14
13
12
13
12
12
12
12
10
10
10
10
9
9
9
8
8
8
8
8
8
8
8
8
9
9
9
9
8
8
14
13
12
10
12
10
14
19
19
19
20
20
20
21
21
19
18
17
15
14
12
10
10
9
9
8
8
8
8
8
8
8
8
8
8
8
7
7
7
7
7
7
7
7
7
7
7
7
7
7
7
7
7
7
8
8
8
8
8
8
8
8
7
8
8
9
20
21
21
24
28
29
30
28
29
27
22
20
18
17
15
14
12
13
12
10
10
9
9
8
8
8
8
9
9
9
10
12
10
10
9
9
8
8
8
8
8
8
10
10
12
17
19
22
27
30
32
32
33
33
31
30
28
27
22
20
20
22
22
22
20
21
20
19
18
17
17
15
14
12
12
10
10
10
9
9
8
8
8
8
8
8
9
9
8
8
8
8
8
8
8
8
8
9
10
12
12
14
14
19
21
19
22
22
28
27
29
30
30
29
29
27
26
24
24
22
21
20
18
17
18
19
18
18
15
18
19
18
18
18
19
18
20
19
18
17
17
15
15
14
14
14
13
14
15
16
16
15
21
24
30
29
30
29
30
29
29
31
28
24
21
20
18
16
14
13
12
10
10
10
9
9
8
9
9
9
9
9
9
9
9
9
12
10
9
10
9
9
9
8
8
8
8
7
7
7
7
7
7
8
8
7
7
7
7
7
7
7
7
7
7
7
7
7
7
7
7
7
7
7
7
7
8
8
7
8
8
9
9
9
9
9
8
8
8
8
8
8
7
7
7
7
7
7
8
8
8
8
8
8
9
9
9
10
10
10
9
9
9
9
9
9
9
12
14
18
17
15
15
15
14
12
12
12
12
12
12
10
10
10
10
12
10
10
10
10
9
9
8
9
9
10
10
12
12
14
12
14
14
14
15
16
16
15
14
18
18
15
17
20
19
17
16
14
12
12
10
9
9
9
8
8
8
8
8
8
8
8
7
7
7
7
8
7
8
8
9
9
9
9
9
9
8
9
9
8
8
8
8
8
10
12
12
12
12
10
10
9
9
9
8
8
8
7
7
7
7
7
7
7
7
7
7
7
7
7
7
7
7
7
7
7
7
7
7
6
7
7
7
5
7
7
7
7
7
7
7
7
7
7
7
7
7
7
7
7
7
7
7
8
9
10
10
9
9
9
9
8
8
8
14
13
12
15
19
19
19
24
22
21
19
17
15
14
14
12
12
10
10
12
10
9
9
8
8
9
8
8
9
9
10
12
12
12
10
9
9
9
8
8
8
8
8
8
8
8
9
14
14
17
21
26
29
31
31
32
29
30
29
28
28
27
27
27
27
28
28
29
30
29
31
31
30
27
27
32
37
37
33
32
30
27
22
20
18
17
14
14
12
12
13
12
13
12
14
17
15
17
17
20
21
25
27
28
31
33
32
30
29
27
24
21
20
20
20
19
21
21
22
25
30
33
32
33
33
31
31
30
29
28
25
21
19
18
15
14
14
12
12
12
12
10
10
10
14
14
14
16
15
15
14
12
10
10
9
9
8
8
8
8
7
7
7
7
7
7
7
7
7
7
6
7
7
7
7
7
7
7
6
6
7
8
8
8
8
8
8
8
8
8
8
9
10
14
15
20
26
29
30
30
28
24
22
28
24
21
19
17
15
14
13
12
10
9
9
8
9
9
8
9
9
9
9
8
9
9
9
9
9
8
8
8
9
9
8
8
8
8
8
8
8
8
8
8
8
8
9
9
10
10
9
10
12
12
12
14
14
15
15
14
13
12
10
9
9
12
14
12
12
14
14
18
21
24
27
22
22
21
19
17
15
15
17
18
17
17
15
14
13
12
10
10
10
12
14
17
18
18
18
17
15
15
15
14
13
12
10
10
10
12
10
12
12
10
10
10
14
19
20
22
24
26
24
22
21
21
19
18
17
14
13
15
14
15
15
14
14
14
20
21
26
27
24
22
20
18
17
14
13
12
10
10
9
9
8
8
8
8
8
8
8
9
10
12
15
19
18
21
22
22
22
21
20
18
17
15
14
12
12
10
9
9
10
12
12
12
10
9
9
8
8
9
14
14
13
12
10
10
9
9
9
8
8
8
7
7
7
7
7
7
7
7
7
7
7
5
7
6
7
9
12
15
18
20
20
19
20
22
22
24
22
22
24
27
29
29
29
30
29
27
22
20
18
17
17
14
14
12
12
10
9
9
8
8
8
8
8
8
8
8
8
8
7
7
7
8
8
8
8
7
8
7
9
12
14
14
12
12
13
12
12
10
9
9
9
8
8
8
7
7
7
7
8
8
9
10
12
13
12
12
12
10
10
9
10
10
9
9
9
8
8
8
8
8
7
7
7
7
7
7
7
7
7
7
7
7
7
7
7
7
7
7
7
6
6
7
7
8
8
9
10
12
14
13
13
12
12
12
10
9
9
9
8
8
8
8
7
9
9
10
12
10
9
10
12
10
9
9
9
9
8
8
8
8
9
8
8
8
8
8
7
7
7
7
8
9
9
9
10
10
10
9
9
10
9
9
8
8
8
8
8
8
10
9
9
9
8
8
8
7
7
7
8
8
8
8
8
9
9
8
8
8
8
8
8
7
7
8
7
8
8
8
9
9
9
8
8
8
8
7
9
12
15
19
21
22
22
27
36
33
31
29
27
22
20
18
17
14
14
14
14
12
12
12
12
12
10
9
9
8
8
8
8
8
8
7
8
7
7
7
8
8
8
8
9
10
12
12
15
17
14
13
12
10
10
9
9
8
8
8
8
7
7
7
7
7
7
7
7
7
8
8
7
7
7
7
7
7
7
7
7
7
7
7
6
6
6
6
6
7
8
10
15
15
14
14
14
15
15
15
14
13
12
10
10
9
9
9
8
9
9
10
9
9
8
8
8
8
7
7
7
7
7
7
7
7
7
7
7
8
9
9
8
8
8
8
7
7
7
7
7
7
7
7
7
7
7
7
8
7
7
8
9
8
8
8
8
8
7
7
7
7
7
7
7
7
8
8
8
8
8
7
7
7
7
7
7
7
7
7
7
7
7
7
7
6
7
7
7
7
9
9
9
9
14
14
15
15
15
15
15
14
13
12
14
14
13
14
14
12
12
14
18
21
27
32
36
39
40
41
43
46
48
50
52
52
56
55
52
53
51
50
50
50
50
50
51
55
51
50
49
51
46
44
43
41
40
40
37
33
30
28
26
22
20
18
17
15
14
12
12
10
10
9
9
8
8
8
8
8
8
9
9
8
8
8
8
8
7
7
7
7
7
7
7
7
7
7
7
7
6
7
7
7
7
7
8
7
7
7
7
7
8
9
8
9
9
9
9
10
14
18
19
19
18
24
27
29
27
22
21
19
17
15
14
12
12
10
10
9
9
8
8
9
9
10
12
12
12
14
14
17
18
22
27
31
40
41
45
49
52
57
60
62
61
62
65
67
68
68
69
68
67
66
62
60
57
55
55
55
55
50
45
38
37
40
40
37
37
32
31
29
27
22
22
22
21
22
22
21
21
20
18
16
14
13
12
10
10
10
9
9
9
8
8
8
8
7
7
7
7
7
7
7
7
7
7
7
7
7
7
6
6
7
7
7
7
8
8
8
9
9
12
15
18
17
20
29
29
28
29
29
31
34
42
46
45
43
41
40
38
36
31
29
27
22
22
26
25
24
24
26
27
27
27
27
28
24
22
22
21
20
18
18
18
16
19
20
21
21
21
19
19
21
21
24
21
20
19
17
15
14
12
12
10
9
9
9
9
9
14
17
20
24
27
29
31
32
33
31
29
26
22
20
18
17
15
14
14
14
12
12
12
14
14
15
14
14
14
15
14
14
14
13
12
12
12
12
12
10
10
9
9
8
8
8
8
8
7
7
7
7
7
7
7
7
7
7
9
12
12
14
12
12
10
9
9
9
8
8
8
7
7
7
7
7
8
9
12
14
15
17
15
15
15
14
13
13
14
12
14
16
17
15
15
15
14
15
17
19
20
19
18
19
18
17
18
17
15
14
12
12
10
9
9
9
8
8
8
8
8
8
8
8
8
7
7
7
7
7
7
7
7
7
7
8
7
7
7
7
7
7
7
7
7
7
7
7
8
9
9
9
9
10
12
10
12
10
10
9
9
9
10
10
10
10
10
12
12
12
12
15
14
15
16
15
17
17
16
15
17
15
16
14
13
12
12
14
15
17
19
18
18
17
16
17
18
18
18
19
18
17
15
14
12
10
10
9
9
8
8
9
8
8
8
8
9
9
9
9
10
9
12
12
10
10
9
9
9
8
9
10
9
12
14
14
13
12
12
12
10
10
10
9
10
12
12
10
9
9
9
8
8
9
8
8
8
8
8
8
8
8
8
9
9
9
10
14
15
18
19
21
22
20
20
19
18
19
18
19
19
19
19
19
21
22
22
22
21
21
21
19
17
15
15
14
12
13
12
10
12
12
14
14
13
12
10
14
18
19
20
22
21
22
21
22
24
22
22
21
19
17
15
14
12
12
12
12
10
9
9
9
9
9
8
8
8
8
8
7
7
7
7
7
7
7
7
7
7
8
9
8
9
9
9
8
8
8
8
8
8
8
8
8
8
8
8
7
7
7
7
8
9
9
8
8
8
8
8
8
7
7
7
7
8
8
7
7
7
7
7
7
8
9
10
10
12
10
12
12
14
15
17
19
20
21
20
20
18
16
14
13
12
12
10
10
12
14
15
18
21
27
29
30
31
33
31
33
33
29
27
33
38
38
40
41
43
42
43
43
45
48
48
48
48
48
46
45
46
45
45
43
41
37
33
29
27
24
21
20
18
17
18
16
14
14
14
13
17
14
13
12
12
10
10
9
9
8
8
8
8
7
7
7
7
7
7
7
7
8
8
8
9
15
17
16
15
14
12
12
12
12
12
10
10
9
9
9
8
8
8
8
8
8
8
8
9
12
14
15
15
18
17
15
14
12
12
12
10
10
9
12
12
10
12
14
14
14
12
12
10
10
12
10
10
10
10
13
14
15
17
16
14
14
12
12
14
14
13
12
10
10
10
10
9
8
8
8
9
8
8
8
8
7
7
7
7
7
8
9
9
9
10
12
12
14
14
13
12
12
12
12
12
13
13
14
15
14
14
14
14
12
10
10
9
9
8
8
8
8
8
7
7
7
8
8
8
8
8
8
8
8
8
8
7
7
7
7
7
7
7
7
7
7
7
7
7
7
7
7
7
7
6
7
7
7
7
7
7
7
8
7
7
7
7
7
7
7
8
8
9
13
15
15
17
15
14
13
13
12
10
10
9
9
9
9
9
10
9
9
9
8
8
8
9
8
8
8
7
8
7
7
8
8
8
8
7
7
7
7
7
8
8
9
9
9
10
17
21
20
26
29
31
36
39
40
41
42
45
45
46
46
44
42
39
36
32
31
30
27
24
22
20
18
17
15
14
12
12
10
9
9
9
8
8
8
8
8
8
8
9
9
9
9
8
8
8
8
7
7
7
7
7
7
9
10
14
15
17
17
17
17
15
15
14
13
12
10
10
10
9
9
9
8
8
8
7
7
7
7
7
7
7
7
7
7
7
7
7
8
10
9
9
9
8
8
8
8
7
7
7
7
7
7
7
7
7
7
7
7
7
7
7
7
7
7
7
6
7
7
7
7
7
7
7
7
9
9
10
14
18
20
22
27
27
29
29
30
28
24
22
20
19
19
18
16
14
14
18
17
15
14
12
10
9
9
9
8
8
8
8
7
7
7
7
7
7
7
7
7
6
7
7
8
8
8
8
8
7
7
7
7
8
8
10
12
13
13
12
10
10
9
9
8
8
8
7
7
7
7
7
7
7
7
7
7
6
7
7
8
8
8
7
7
8
8
9
8
8
8
8
7
7
7
7
7
7
7
7
7
8
7
7
7
7
7
8
8
7
7
7
7
7
7
7
7
7
7
7
6
7
7
7
7
7
7
7
7
7
8
8
8
7
7
7
7
7
7
7
7
7
10
12
10
12
16
20
26
30
33
38
38
40
41
39
38
38
38
37
37
33
32
30
28
24
22
21
21
21
25
29
31
33
36
38
40
43
45
45
46
45
46
46
48
46
43
43
45
46
48
48
49
48
50
52
57
58
57
51
52
60
61
62
60
60
58
56
56
54
52
51
50
50
50
50
50
52
54
52
55
57
57
60
62
63
64
66
64
65
65
64
60
57
52
50
49
48
48
48
48
48
49
51
55
57
57
55
55
55
55
55
52
51
48
46
40
34
31
28
24
21
22
21
19
19
18
18
18
42
40
44
43
38
38
38
41
37
32
33
40
37
45
41
161
430
648
768
845
881
881
846
797
736
639
598
657
808
1004
1004
1004
1004
1004
1004
1004
1004
1004
1003
1004
1004
1004
1004
1003
1004
1004
1004
1004
1004
1004
1004
1004
1004
1004
1004
1004
1004
1004
1003
1004
1004
1004
1004
900
820
784
770
764
754
730
697
670
642
607
579
560
549
536
523
509
487
449
399
374
377
399
436
474
511
542
559
572
585
595
601
601
591
580
562
542
522
508
496
484
471
461
450
438
424
408
394
382
379
380
388
393
397
402
398
391
388
387
386
384
381
375
364
354
340
326
312
297
283
270
257
246
235
226
218
208
200
193
185
177
172
169
163
163
162
161
156
149
142
133
123
114
103
94
85
76
68
60
52
45
40
33
30
27
22
20
18
18
19
20
24
24
24
21
21
24
28
28
24
21
19
18
16
14
12
12
10
9
9
9
8
8
8
8
8
8
8
8
7
7
7
7
7
7
7
7
7
7
7
8
8
9
9
9
9
9
9
9
9
8
8
8
8
8
8
7
7
7
7
8
8
8
9
9
9
8
9
8
8
8
8
8
8
8
8
8
7
7
7
7
7
7
7
7
7
7
7
7
7
7
7
7
7
7
8
9
9
10
12
12
12
14
14
14
17
18
18
18
19
17
15
14
13
12
10
9
9
8
8
8
8
7
8
8
7
7
7
7
7
7
7
7
7
7
7
8
8
12
17
15
14
12
12
10
10
9
9
8
8
8
8
7
7
7
7
7
7
7
7
8
8
9
8
8
8
8
8
7
7
7
7
7
7
7
7
7
7
7
7
7
7
7
7
7
7
7
7
7
7
7
7
7
7
7
8
8
8
9
8
8
8
13
15
15
16
17
17
18
17
15
16
15
14
14
12
14
14
14
14
14
15
14
14
15
17
19
21
26
28
29
32
36
38
41
44
45
46
46
48
46
45
44
43
42
42
41
40
38
37
33
31
30
29
28
28
29
29
31
31
31
29
28
24
21
19
17
19
19
17
15
14
12
10
10
9
9
8
8
8
8
8
8
7
7
7
7
7
7
7
7
7
7
7
7
7
7
7
7
7
7
7
7
7
7
6
6
6
6
5
5
6
6
6
6
7
6
6
6
7
8
8
9
9
10
10
10
9
10
12
12
12
14
17
24
26
27
28
29
28
28
28
27
27
24
24
21
20
18
17
15
14
12
10
10
9
9
8
8
8
8
7
7
7
7
7
7
7
6
7
7
7
7
7
7
6
7
7
7
7
7
7
7
7
7
7
8
9
10
10
10
10
9
9
8
8
8
7
9
10
10
9
9
8
8
8
7
7
7
7
7
7
7
7
7
7
7
7
6
7
7
7
8
8
8
8
8
7
7
7
7
7
7
7
7
7
7
7
6
7
6
7
7
7
7
7
7
7
7
7
7
7
7
7
7
7
7
7
7
6
8
8
8
8
8
7
7
7
7
7
7
7
7
7
7
7
7
6
6
6
5
5
6
5
6
6
7
6
6
6
6
5
5
6
6
6
6
5
6
6
5
5
5
5
5
5
7
7
7
7
9
9
9
9
10
9
9
8
9
9
10
10
14
17
22
30
36
31
30
30
29
28
25
22
21
19
17
16
15
14
12
10
10
9
9
8
8
8
8
7
7
7
7
7
7
7
7
7
7
6
6
6
6
7
7
7
8
7
7
7
7
7
7
7
7
7
7
7
7
7
8
8
9
10
12
12
14
15
15
17
15
14
12
10
12
14
14
14
17
17
18
18
18
17
16
17
15
14
13
12
10
9
9
9
8
8
8
8
7
7
7
7
7
7
7
7
7
7
6
6
6
7
6
6
7
6
6
7
6
5
6
5
5
5
5
5
5
6
5
5
6
5
5
6
5
6
7
6
5
6
7
7
8
7
7
7
7
7
7
7
7
6
7
6
6
6
5
7
7
6
7
6
7
7
8
9
9
8
9
8
8
8
8
8
8
7
7
7
7
7
7
7
7
7
7
6
6
6
6
6
6
6
7
7
7
7
7
7
7
7
7
7
7
7
7
9
10
12
14
15
15
15
15
14
12
12
10
9
9
9
8
8
8
8
7
7
7
7
7
7
7
7
7
7
7
7
7
7
7
7
7
7
7
7
8
8
9
9
10
12
14
15
14
15
17
19
19
19
20
21
20
19
18
17
15
13
12
10
10
9
10
10
9
9
9
9
10
12
12
12
13
12
14
14
15
17
19
21
24
28
27
27
26
24
24
22
22
22
21
21
22
22
21
21
19
18
16
15
13
12
12
12
14
17
18
19
22
24
27
27
29
30
33
37
38
38
40
38
37
32
30
28
26
24
22
20
20
21
27
24
22
21
21
20
20
18
19
18
17
15
14
13
12
12
10
9
9
9
8
8
8
8
7
8
9
9
9
8
8
8
8
7
7
7
7
7
8
8
8
8
8
8
8
9
9
9
9
8
8
8
8
8
7
7
7
7
7
7
7
7
7
6
7
7
9
8
8
8
8
7
7
7
7
7
7
7
7
7
7
7
7
7
7
7
7
7
7
7
7
6
7
6
6
5
5
5
5
5
5
5
5
5
5
6
5
6
6
7
7
7
7
8
8
8
8
8
8
7
7
7
7
7
7
7
8
9
9
9
9
8
8
8
8
7
7
7
7
7
7
7
7
8
8
8
8
8
8
8
8
9
10
14
16
17
18
17
17
17
17
15
14
12
12
12
10
10
10
9
9
9
8
8
8
8
8
8
8
8
8
8
8
7
7
7
7
7
7
7
7
8
8
7
7
7
7
7
7
7
7
7
7
7
7
7
7
7
7
7
7
7
7
7
7
7
8
9
10
12
12
15
18
18
18
17
17
14
13
13
12
13
12
12
12
10
9
9
9
8
9
8
9
9
10
12
14
14
17
18
17
17
16
17
17
17
15
14
12
17
17
15
14
12
12
10
9
9
8
8
8
8
8
7
7
7
7
7
7
7
7
7
7
7
7
7
7
7
7
6
7
7
7
7
6
6
6
5
5
6
5
5
6
5
5
6
7
8
9
10
12
12
12
12
10
9
9
8
8
8
8
8
8
14
18
17
14
14
13
10
10
9
9
8
8
8
8
7
7
7
7
7
7
7
8
8
8
9
9
8
8
8
8
7
7
7
7
7
7
7
8
8
8
8
8
8
7
8
8
8
7
7
7
7
9
33
45
44
64
73
64
70
84
163
198
185
201
265
296
303
334
326
312
303
302
290
327
372
441
534
579
550
602
594
513
478
543
514
531
506
543
524
525
586
541
595
622
581
559
517
507
488
470
552
566
636
589
560
508
620
567
528
566
604
561
600
691
727
746
753
738
820
802
758
782
740
736
788
758
848
845
811
766
768
762
810
849
944
950
999
1004
1004
1004
997
937
865
781
736
720
812
777
852
896
909
897
874
843
821
787
750
717
680
652
607
582
499
437
388
345
313
289
294
256
228
246
282
351
434
434
381
325
284
272
271
286
301
327
329
320
306
286
288
303
326
349
376
401
427
449
471
486
502
512
523
531
537
547
553
558
560
560
561
564
567
568
570
570
570
566
547
510
451
385
355
340
329
310
271
237
229
234
246
262
281
302
321
341
356
369
379
388
399
403
408
414
422
424
426
427
427
423
422
424
427
423
415
413
413
408
408
403
402
400
396
391
387
381
376
369
365
360
357
355
350
344
339
336
330
327
321
314
310
306
301
296
290
288
284
278
273
269
262
255
242
230
214
204
195
190
183
175
165
154
149
141
136
134
130
122
108
92
79
75
77
94
96
97
98
103
106
109
108
110
120
126
129
137
147
150
157
163
169
171
169
169
169
168
166
161
154
148
141
123
113
98
84
75
72
78
99
142
201
278
360
438
489
518
516
492
460
424
381
341
302
265
228
195
163
137
118
104
94
94
102
106
106
113
122
130
136
147
148
137
126
116
102
87
75
68
70
72
69
67
65
65
65
66
65
65
64
62
58
58
56
51
45
41
36
33
36
37
41
43
48
55
61
68
75
76
76
81
84
86
88
90
94
96
93
89
85
81
78
76
68
64
62
58
56
50
45
40
33
30
27
22
20
18
17
15
17
20
28
36
48
57
64
70
76
80
85
90
94
93
90
88
84
78
75
68
61
56
51
46
42
38
37
32
29
26
21
19
18
16
14
12
12
12
15
20
31
38
41
41
38
40
42
42
41
40
38
36
32
30
27
22
20
18
16
14
14
14
12
10
10
9
9
8
8
8
8
7
7
7
7
7
8
8
10
14
17
18
21
26
27
30
31
31
32
31
31
31
30
33
33
32
33
40
43
38
32
30
28
24
21
19
17
15
14
12
10
10
9
9
9
9
12
10
10
15
18
20
24
27
28
29
29
29
28
27
22
20
18
16
15
13
12
10
10
9
9
8
8
8
8
7
7
7
7
7
7
7
7
7
8
10
17
20
21
20
20
21
24
27
27
29
31
32
32
34
36
38
42
46
50
52
56
57
60
58
60
56
52
49
45
42
43
42
43
46
50
51
56
61
62
64
62
62
61
57
56
52
51
48
43
41
38
36
32
30
30
30
30
30
31
30
31
32
31
28
24
22
21
21
21
20
19
18
18
18
17
17
17
17
15
14
12
10
10
9
9
9
8
8
8
8
8
8
8
8
8
8
8
8
8
7
8
7
7
7
7
7
7
7
7
7
7
7
7
7
7
7
7
7
7
7
7
7
7
8
12
10
10
9
9
8
8
8
8
7
8
8
10
10
12
10
12
12
14
14
13
12
12
14
12
12
10
10
9
9
8
8
8
8
8
7
7
7
7
7
7
8
8
8
10
10
12
10
10
12
10
10
9
9
9
8
8
8
10
10
9
9
8
8
8
8
7
7
7
7
7
7
7
7
7
7
8
8
9
9
10
10
10
10
9
10
10
10
9
9
9
10
12
10
12
12
12
12
12
10
10
10
10
10
10
10
12
10
9
9
9
9
9
9
9
9
10
13
46
61
74
75
70
65
60
57
61
159
192
210
222
205
182
195
196
437
465
481
439
375
327
379
442
466
511
454
412
369
430
403
405
442
469
478
454
416
486
438
451
404
381
364
428
423
442
417
394
457
470
418
384
401
442
438
381
361
326
316
302
306
277
269
241
221
210
198
185
159
137
127
137
151
162
169
172
170
164
150
130
116
100
86
76
65
56
50
51
52
56
57
58
57
57
56
56
57
58
62
64
68
69
70
76
77
79
85
93
98
102
108
115
122
126
128
127
128
127
123
122
116
114
115
117
108
102
99
98
98
90
86
84
84
80
77
77
75
73
70
72
70
69
68
72
72
72
69
69
67
63
62
62
61
60
57
55
51
49
48
45
41
41
38
33
36
33
32
33
33
34
37
36
36
39
40
42
40
41
40
41
43
52
46
41
37
37
38
36
32
32
30
31
30
27
24
26
22
22
21
20
19
20
21
21
20
21
20
19
19
18
21
21
19
19
18
17
17
18
16
14
14
14
14
13
12
12
13
12
12
10
9
9
9
8
8
8
8
9
9
9
9
8
8
8
8
7
8
8
7
7
7
7
7
7
7
7
7
7
7
7
7
7
8
7
7
7
7
7
7
7
7
7
8
8
8
9
9
9
10
12
12
12
13
12
12
10
10
10
10
12
14
15
18
19
20
20
19
17
18
18
17
17
15
14
12
12
10
9
9
9
8
8
8
8
7
7
7
7
7
7
7
7
7
7
7
7
7
8
9
9
9
12
12
12
12
12
12
12
13
13
12
14
14
13
12
10
9
9
9
8
8
8
8
8
8
8
8
8
8
9
9
9
8
8
8
8
7
7
7
7
7
7
7
7
7
7
7
7
7
7
7
7
7
7
8
8
8
9
10
10
10
12
12
12
10
10
9
9
8
8
8
8
8
8
8
8
7
7
9
8
8
9
9
9
9
9
9
9
10
16
18
17
15
15
18
17
15
15
13
14
14
12
10
9
9
9
8
9
8
8
8
8
8
8
8
9
8
8
8
8
8
7
7
7
7
7
7
7
7
7
8
8
8
8
8
8
7
7
7
8
7
7
7
7
7
7
7
7
9
14
14
12
12
10
9
9
8
8
8
8
8
7
7
7
7
7
7
7
7
7
6
7
7
7
7
7
7
7
7
7
7
7
7
7
7
7
7
7
7
7
7
7
7
7
7
7
6
6
7
6
7
6
7
7
8
7
7
7
7
7
7
7
7
7
7
7
7
7
7
7
7
7
7
7
7
6
7
7
7
7
7
7
7
7
7
7
7
7
7
7
7
7
7
8
9
9
9
10
10
10
10
10
9
9
8
8
8
8
8
7
7
7
7
7
7
7
7
7
7
7
7
7
7
7
7
7
7
7
6
7
7
7
7
7
7
7
7
7
7
7
8
9
9
9
10
9
9
10
9
9
8
8
8
8
8
8
8
8
9
9
9
8
8
10
10
13
13
12
12
12
12
12
12
14
17
18
17
20
24
28
30
33
40
46
51
56
60
64
68
68
74
73
70
70
70
70
66
62
61
67
65
66
65
67
68
69
68
67
64
62
58
51
46
43
40
36
32
29
28
28
28
27
27
25
22
24
24
21
20
19
17
16
14
14
14
13
14
12
10
12
12
10
10
9
9
8
8
8
8
8
8
8
8
9
10
12
14
15
15
14
15
21
21
22
22
21
21
19
18
16
14
13
12
12
10
12
12
14
15
14
15
15
17
18
16
14
13
12
10
9
9
9
9
9
8
8
8
8
8
7
7
7
8
8
8
8
8
8
8
8
8
7
7
7
8
8
8
7
7
8
7
7
7
7
7
7
7
7
7
8
8
8
8
7
7
7
7
7
7
7
7
7
7
7
7
7
7
7
7
7
7
7
8
9
9
8
8
8
8
9
10
12
12
13
14
14
14
14
15
14
14
14
14
15
15
18
18
19
19
19
20
19
17
18
17
16
15
16
17
18
19
21
22
24
22
22
22
20
19
17
20
18
17
15
14
12
12
10
9
9
9
8
8
8
8
8
7
7
7
8
8
8
7
7
7
7
7
8
8
9
10
12
10
9
9
9
9
8
8
8
8
7
7
7
7
7
7
7
7
7
8
8
8
7
7
8
7
7
7
7
7
7
7
7
7
7
9
10
10
9
9
8
8
8
8
8
8
7
8
8
9
9
10
12
15
17
20
22
27
30
37
41
46
51
55
57
64
67
69
72
77
78
87
94
98
101
104
109
113
116
120
124
129
134
137
138
144
148
153
157
158
162
168
168
168
171
171
171
172
172
170
168
160
162
158
151
148
141
134
128
126
122
115
113
108
105
103
98
93
88
79
76
70
65
61
54
54
55
55
54
55
56
55
52
51
49
50
49
52
52
52
55
55
55
52
51
50
48
49
46
49
45
45
42
42
42
45
48
46
46
43
43
40
37
33
31
29
28
27
22
20
22
24
22
24
27
26
27
25
28
29
30
32
31
31
32
32
32
30
31
29
28
25
22
21
21
20
20
19
20
18
17
15
14
12
12
10
9
9
9
8
8
8
9
9
10
10
12
12
10
10
10
10
12
12
10
10
9
10
12
13
15
17
19
20
20
19
17
22
22
21
20
18
18
15
15
14
13
13
12
12
12
12
10
10
10
9
9
9
8
8
8
9
8
9
10
12
14
17
19
19
19
19
19
18
18
18
18
18
19
20
20
19
17
16
14
13
12
12
12
14
13
14
14
14
13
12
12
10
12
12
10
10
9
9
9
8
8
8
8
8
7
7
7
7
7
7
7
7
7
7
7
7
7
7
7
7
7
7
7
7
6
6
7
5
5
6
7
7
7
7
7
8
7
8
8
7
8
8
8
8
8
8
9
10
14
15
18
21
22
27
31
37
36
32
38
43
45
46
46
48
50
52
51
51
49
46
44
42
41
37
40
38
37
37
37
39
42
46
50
54
57
61
63
65
66
67
68
69
70
70
69
69
69
68
69
68
66
64
60
56
51
46
42
37
32
29
28
26
26
25
24
22
22
21
20
21
22
22
24
27
32
37
38
42
45
45
46
46
45
45
43
45
43
42
42
43
43
41
40
37
34
33
34
38
42
45
46
50
57
61
64
65
63
65
66
65
63
64
64
62
64
65
66
67
68
69
69
72
76
75
73
74
72
68
68
69
67
65
64
61
61
58
57
55
48
41
42
41
40
40
40
40
38
38
40
41
43
44
45
48
50
52
51
55
55
56
55
55
55
56
55
55
52
50
45
45
43
42
40
40
40
38
37
36
31
30
28
24
21
19
17
15
14
12
12
10
10
9
9
8
8
8
8
8
8
7
7
7
7
9
9
9
8
8
8
8
8
8
8
10
12
14
18
18
18
18
17
15
15
15
15
15
16
15
15
17
17
16
17
16
15
14
12
12
10
10
9
9
8
8
8
8
8
7
7
7
7
7
7
7
7
7
7
7
7
7
7
7
7
8
7
8
9
9
14
18
17
15
15
16
16
17
17
15
14
15
17
18
19
20
19
20
21
22
21
24
28
28
27
24
21
20
20
19
18
17
17
18
19
17
16
14
13
12
10
9
9
9
8
8
8
8
7
8
8
8
7
7
7
7
7
7
8
8
8
9
9
10
9
9
8
9
9
9
9
9
8
8
8
8
8
8
7
7
7
7
7
7
7
7
8
8
8
9
9
9
9
8
9
9
9
9
9
8
8
8
8
7
7
7
7
7
7
7
8
9
10
12
16
18
18
17
16
14
13
12
10
9
9
8
10
10
10
9
9
9
8
8
8
8
8
8
9
10
13
14
14
15
15
14
14
12
12
10
10
9
9
8
8
8
8
8
8
8
8
9
9
10
9
9
9
9
10
14
12
14
13
12
13
14
14
13
12
12
12
10
10
9
8
8
8
8
8
8
7
8
9
9
8
8
8
8
8
9
10
12
14
15
16
15
15
15
17
15
14
15
14
15
14
17
17
17
20
21
22
24
22
22
21
21
20
20
18
18
18
19
18
16
18
17
17
16
15
14
12
14
14
14
12
13
13
14
14
14
15
17
15
14
19
21
21
20
20
19
20
19
17
15
14
12
10
10
9
9
8
8
8
7
8
7
7
8
8
9
9
14
15
18
17
18
18
19
19
20
18
17
15
15
15
15
14
14
12
10
10
9
9
8
8
9
9
9
12
14
17
19
19
24
21
19
21
27
28
28
28
30
31
33
34
36
36
36
36
32
31
32
31
31
29
28
27
24
22
22
22
22
24
22
24
27
25
27
28
28
30
32
33
33
36
37
38
40
41
41
43
43
46
48
51
55
55
56
56
55
56
56
52
51
46
40
41
45
43
42
40
37
33
32
31
29
28
24
20
18
17
15
14
12
10
10
9
9
8
8
8
7
7
7
7
7
7
7
7
8
8
8
9
9
10
15
16
19
18
19
18
18
17
15
14
14
14
14
14
12
13
13
14
14
13
12
12
12
10
12
12
12
10
12
10
10
9
9
9
9
10
10
12
12
14
15
17
20
21
21
21
22
27
30
30
33
37
38
38
38
38
38
37
39
40
41
41
41
42
42
43
45
46
48
46
45
45
43
39
37
36
33
30
28
26
22
21
19
18
16
15
14
12
10
12
10
10
12
12
13
15
17
19
22
29
33
41
50
56
61
69
75
80
84
86
89
93
96
100
100
99
98
96
94
93
94
96
96
94
96
96
98
100
100
99
98
97
96
94
97
97
99
100
102
102
102
102
102
100
98
96
90
87
85
82
81
80
78
78
81
84
78
77
76
72
68
63
57
49
42
37
31
28
24
21
19
18
16
15
14
12
12
12
12
19
27
33
38
41
45
48
52
56
61
64
68
75
78
86
90
97
100
106
110
115
118
125
133
142
148
157
162
170
175
182
189
197
204
207
210
216
218
223
226
229
225
224
233
236
237
237
238
240
242
246
247
246
246
244
243
242
242
238
238
240
242
243
244
247
252
253
255
257
258
261
265
267
266
264
259
257
258
262
268
273
277
283
291
301
304
309
318
322
329
336
340
346
354
365
375
382
389
399
406
414
424
436
442
451
460
466
476
489
519
546
574
600
626
644
663
684
708
729
746
762
784
799
814
832
848
867
884
905
921
937
948
955
964
970
974
981
982
981
974
965
955
942
931
916
902
883
861
843
820
798
775
750
729
702
672
644
615
582
555
523
495
463
434
400
373
340
312
291
264
238
213
187
160
134
114
98
85
73
68
66
68
68
70
74
78
87
96
106
120
127
137
147
154
162
171
177
186
190
195
196
200
205
209
218
223
221
217
218
217
218
216
220
224
224
223
223
223
223
221
223
224
221
216
214
211
209
207
207
208
201
195
190
188
186
183
181
183
182
184
188
189
183
181
181
184
183
182
180
176
176
175
175
176
176
176
181
181
180
178
180
181
182
185
186
183
183
181
181
177
172
171
169
168
163
162
163
162
160
154
151
148
147
137
133
126
124
120
114
113
113
108
100
96
91
89
87
85
84
80
84
87
89
84
80
77
75
74
75
72
70
68
69
69
68
69
72
76
77
78
80
81
81
81
81
84
84
82
84
85
85
84
82
80
78
77
76
74
69
64
62
61
58
60
61
61
61
61
61
60
61
58
58
54
51
48
45
42
40
41
38
38
38
42
44
40
38
38
41
41
42
42
44
46
46
45
45
48
48
45
45
41
37
32
31
28
27
22
21
19
18
16
15
14
12
12
12
10
10
9
9
10
10
12
14
12
14
13
14
16
17
18
20
22
26
27
27
29
29
28
29
28
28
27
28
30
36
30
28
28
28
27
24
24
22
22
22
21
20
18
18
18
17
18
18
18
18
17
16
14
12
12
10
10
10
12
12
12
14
18
21
24
27
28
30
31
32
31
31
31
31
31
30
31
33
38
41
41
41
42
42
43
45
45
45
46
46
45
45
49
53
51
48
50
51
51
51
49
49
49
49
48
48
46
48
46
45
45
44
43
42
44
46
48
46
45
43
45
45
46
49
51
56
58
63
62
64
62
60
56
55
50
46
43
42
40
40
37
37
36
33
30
29
28
28
28
27
29
31
33
37
40
42
44
51
58
55
51
51
50
49
50
50
49
50
50
49
49
49
48
46
45
42
41
38
38
37
37
37
38
40
40
42
40
40
40
40
42
43
44
45
46
46
46
49
50
50
49
49
50
52
55
55
55
56
55
52
50
49
48
48
44
43
43
42
45
50
51
45
42
40
39
37
37
32
31
30
30
30
30
32
31
32
36
40
42
45
49
50
52
52
50
48
48
45
42
42
40
38
33
31
31
31
29
28
27
27
24
22
21
22
24
27
28
28
30
33
40
43
45
48
50
51
53
55
52
55
55
55
53
52
52
56
53
49
51
51
52
52
52
54
53
55
54
55
55
56
57
58
58
60
60
57
55
52
51
50
49
48
44
43
40
38
37
33
33
31
30
29
27
22
22
22
21
21
19
21
22
24
24
27
28
30
32
31
30
31
30
29
30
30
28
28
27
27
24
22
24
27
31
28
24
27
24
22
21
19
18
18
18
18
17
15
17
18
21
22
22
24
24
27
27
22
21
21
20
18
17
14
13
12
10
10
9
9
8
9
9
9
8
9
9
9
10
9
9
9
8
8
8
7
7
7
7
7
7
7
7
7
7
8
9
14
14
12
12
10
9
9
9
8
8
8
8
8
7
8
8
8
8
8
8
8
8
8
8
8
8
8
8
9
9
10
12
13
12
14
14
15
14
13
15
14
12
12
10
10
10
10
10
10
12
13
13
14
15
16
17
16
17
17
20
25
29
27
22
20
19
18
16
14
14
12
12
10
10
10
10
9
10
10
9
9
9
9
9
9
9
9
9
9
12
14
14
17
17
17
15
16
15
15
14
15
17
17
18
19
19
19
21
22
21
22
21
19
18
17
15
14
12
10
10
9
9
13
18
16
14
13
12
10
10
10
10
9
10
10
10
10
9
9
9
9
8
8
8
8
7
7
7
7
7
7
7
7
7
7
7
6
6
5
5
6
7
5
5
6
6
5
6
6
6
5
5
5
6
5
5
6
5
6
5
5
5
6
6
6
5
7
7
7
7
7
7
7
7
7
7
7
8
8
8
8
8
7
7
7
7
7
7
7
7
7
7
7
6
6
6
6
7
6
6
5
5
5
5
5
5
7
7
8
7
7
7
7
7
7
7
7
7
7
7
7
8
8
8
7
7
7
7
7
7
7
7
9
10
9
9
9
9
9
9
12
12
13
14
14
15
14
13
12
10
10
9
9
9
8
8
8
8
7
7
7
7
7
7
7
7
7
7
7
7
7
7
7
7
6
6
7
6
6
7
7
7
7
7
7
7
8
7
8
8
8
8
8
7
8
8
9
9
9
9
9
8
8
8
8
7
7
8
9
10
12
12
10
10
10
9
9
9
8
8
8
7
7
7
7
7
7
6
7
7
7
7
7
7
8
10
14
18
22
22
21
21
20
18
17
14
13
12
10
9
9
8
8
8
9
9
9
10
14
18
18
17
17
20
21
20
20
18
20
21
24
29
37
48
57
67
72
77
81
85
85
84
80
76
70
65
60
57
55
50
46
46
45
42
42
41
37
36
37
37
36
34
36
33
31
31
28
27
24
21
20
18
17
15
14
12
12
10
9
9
8
8
8
8
7
8
8
9
12
18
27
33
38
43
48
52
56
60
62
68
72
76
78
82
81
81
72
68
65
65
64
67
68
67
65
65
65
66
67
64
62
58
57
55
55
55
54
52
49
45
40
36
30
28
25
24
24
22
21
22
21
21
24
24
26
22
20
19
22
27
28
29
29
31
31
29
28
29
28
27
25
22
20
18
17
15
14
12
10
10
9
9
8
8
8
8
8
8
8
8
8
8
8
8
7
7
7
7
7
7
7
7
7
6
6
7
6
7
7
7
7
7
7
7
7
7
7
7
7
7
7
7
7
7
7
7
7
7
7
7
7
7
6
6
6
5
6
6
5
5
7
7
6
6
7
6
7
6
7
6
6
5
5
5
6
7
8
8
8
8
7
8
7
7
7
7
7
7
7
7
7
7
7
6
6
7
7
7
7
7
7
7
7
7
7
7
7
7
8
8
8
7
8
7
8
8
8
7
7
7
7
8
7
7
7
7
7
7
7
7
7
7
7
7
7
7
6
6
7
5
5
7
5
5
5
5
5
5
6
5
5
5
5
5
5
5
6
5
5
6
7
6
6
6
6
6
6
6
6
6
7
9
9
9
8
8
8
8
8
7
7
7
7
7
7
7
7
7
7
7
5
6
7
6
6
6
7
5
5
6
5
5
6
5
6
5
5
6
5
6
5
6
5
5
5
5
6
6
6
6
6
6
6
5
5
5
7
7
7
7
8
9
10
12
10
10
12
14
12
12
10
9
9
8
8
8
7
7
7
7
7
7
7
7
7
7
6
6
6
5
5
5
5
5
5
5
5
7
8
8
8
8
9
10
9
9
8
8
8
8
7
7
7
7
7
7
7
7
7
7
7
7
7
7
6
7
7
6
6
5
5
6
6
8
8
8
8
8
8
8
8
7
7
7
7
7
7
7
7
7
7
7
8
7
7
7
7
7
9
10
10
10
9
9
9
10
9
9
9
8
8
8
8
7
7
7
7
7
7
7
7
7
7
8
8
8
8
8
7
7
7
7
7
7
7
7
7
7
7
7
7
7
7
7
7
7
6
6
7
6
5
5
6
6
5
5
6
5
5
6
5
5
5
5
7
7
8
8
8
8
9
9
9
9
9
9
9
8
8
8
8
7
7
7
7
7
7
8
7
7
7
7
8
8
8
9
8
8
8
9
12
10
12
14
14
14
12
12
14
15
14
15
14
14
12
10
10
9
9
8
8
8
8
8
7
7
7
7
7
7
7
6
6
6
6
5
6
8
8
9
8
8
8
8
7
8
8
7
7
7
7
7
7
7
7
7
8
15
14
13
12
10
9
9
8
8
8
8
7
9
9
9
12
15
18
19
22
27
28
32
36
40
42
43
45
48
50
52
52
55
55
52
51
48
46
43
40
36
31
28
24
21
20
19
18
15
14
14
14
12
12
10
9
9
9
9
12
12
10
9
9
9
9
8
8
8
10
10
10
9
9
9
9
10
12
14
17
22
25
31
33
32
31
32
37
38
36
37
34
36
31
28
27
24
21
20
18
17
14
14
12
10
10
9
9
8
8
8
8
8
8
12
19
20
18
16
14
14
12
10
10
13
13
12
14
16
16
15
16
18
21
22
27
29
33
40
45
51
57
64
72
80
87
93
101
114
125
137
154
170
185
198
214
228
246
264
279
293
307
317
326
331
343
351
360
368
376
382
387
397
408
409
414
422
427
430
436
439
441
447
449
451
449
459
464
468
470
470
470
471
471
470
470
471
470
469
466
464
458
454
457
456
451
447
448
447
448
449
447
447
446
442
446
448
448
442
446
436
402
397
415
427
430
429
428
427
424
414
408
381
389
402
424
433
436
435
439
425
415
429
436
429
373
388
384
428
462
474
478
478
476
441
457
452
456
460
462
459
463
452
427
424
416
427
470
480
484
482
462
469
454
462
412
450
462
464
452
449
427
438
442
440
434
430
413
416
413
429
417
415
413
408
403
398
387
394
399
388
386
378
340
357
393
416
423
417
387
403
408
404
398
388
378
375
367
357
344
328
308
308
289
293
296
320
326
321
307
282
273
240
252
270
273
272
261
236
216
221
213
216
202
180
186
197
199
198
186
172
161
152
135
126
142
144
142
137
123
126
124
109
113
104
104
104
104
108
106
106
93
100
103
109
97
89
94
102
109
103
88
85
76
81
84
88
80
77
76
74
64
60
64
73
70
64
64
57
62
62
62
57
51
48
48
70
88
88
80
72
61
54
48
42
44
49
48
49
43
45
40
38
36
31
37
42
45
39
33
29
28
26
27
28
24
21
19
21
27
40
42
41
37
31
28
28
29
28
26
24
21
20
18
17
16
24
28
30
30
40
51
52
52
50
48
50
57
60
57
68
67
82
77
74
86
84
82
76
69
64
57
52
50
45
42
40
40
38
41
45
56
68
72
70
74
70
86
79
98
90
80
77
77
70
69
70
76
133
129
142
138
124
114
99
87
77
77
72
74
63
64
73
75
65
61
57
55
51
49
55
62
63
58
57
52
54
51
50
60
62
64
64
64
58
57
62
64
65
68
72
76
66
85
109
122
142
134
126
120
190
209
235
246
240
232
281
314
328
339
346
350
341
340
332
341
349
338
340
349
361
357
360
364
363
339
350
343
349
354
365
366
367
373
375
377
385
391
400
404
414
427
441
451
459
466
475
474
460
474
468
478
488
495
495
486
483
487
506
516
522
531
535
542
553
564
564
566
567
567
571
569
569
568
569
570
570
570
560
569
573
578
576
570
569
569
569
569
572
574
572
567
560
550
544
541
533
528
521
514
508
500
496
494
490
486
482
470
465
463
460
451
454
457
452
447
438
436
432
417
408
401
394
392
388
384
379
376
374
368
365
361
357
354
355
355
354
354
346
349
349
344
338
329
322
327
326
322
319
315
306
301
294
296
291
291
289
283
277
272
267
261
255
249
243
237
234
230
228
226
229
229
226
221
218
218
217
211
208
211
214
218
217
213
210
207
204
201
198
192
190
185
180
172
170
166
161
154
149
144
135
127
116
115
110
109
105
99
98
94
91
88
87
84
75
77
76
70
69
65
61
62
67
72
75
65
61
58
57
52
49
43
41
37
38
39
38
37
37
36
36
37
38
40
40
45
49
50
50
50
55
62
67
70
77
81
86
90
94
102
111
117
122
117
115
108
108
104
100
94
90
85
84
80
74
72
74
64
57
50
45
41
37
31
28
24
22
21
19
18
17
15
14
12
12
14
15
14
12
10
10
9
9
9
8
8
8
10
9
9
9
12
14
14
17
15
14
16
17
17
17
15
16
17
17
15
14
14
13
18
20
18
17
17
17
15
17
18
21
24
24
21
25
24
28
31
32
31
32
32
31
31
33
31
30
31
33
36
36
33
32
32
32
37
33
30
27
22
21
19
18
21
26
26
24
22
22
22
25
27
27
22
27
22
21
24
36
33
32
30
33
36
37
33
38
40
43
46
48
51
57
61
63
67
70
76
80
84
86
90
97
103
109
114
120
125
128
134
142
147
150
159
166
170
176
184
187
190
197
201
209
216
223
230
235
242
247
255
261
268
277
289
294
302
312
320
322
326
329
333
337
340
346
350
353
355
358
360
363
367
369
368
367
363
360
352
344
343
341
340
357
403
457
506
553
592
630
666
697
727
750
773
792
806
820
826
832
840
836
835
831
822
812
797
785
768
748
728
708
686
665
644
625
605
584
562
544
526
496
474
446
422
396
374
350
327
306
285
264
243
220
199
180
158
136
115
98
84
72
63
62
62
65
68
72
78
87
97
106
116
125
134
144
153
162
171
183
197
208
218
225
235
242
248
256
264
270
277
289
298
307
312
321
328
332
339
346
349
355
361
363
361
360
367
366
366
363
360
358
355
350
349
343
336
331
326
320
316
313
308
303
302
300
296
293
291
288
284
286
282
279
276
274
270
267
266
261
259
257
254
250
248
247
248
248
243
238
236
230
226
223
220
218
214
209
207
207
207
204
201
199
198
197
192
189
186
180
172
166
169
169
166
161
160
160
157
153
151
147
147
137
133
128
126
122
116
113
111
104
100
98
98
98
98
98
96
92
91
87
84
78
79
78
77
75
75
70
67
64
64
65
65
60
56
51
50
49
46
43
41
38
38
40
40
41
40
38
36
38
37
33
37
33
32
30
30
27
27
27
28
24
24
24
24
27
28
31
29
29
28
28
28
28
27
27
28
29
29
32
31
30
29
30
33
34
37
41
42
42
43
45
46
49
49
52
60
55
51
52
51
49
50
55
53
52
56
55
53
57
56
56
55
53
52
55
52
46
43
51
51
52
55
55
55
55
57
60
61
64
64
65
64
63
60
62
61
60
61
60
62
62
61
64
64
62
64
67
65
67
69
69
72
70
70
70
72
74
76
74
69
67
66
67
65
67
67
69
68
69
70
73
76
78
76
76
76
75
69
67
69
75
72
69
68
67
65
64
61
57
55
52
51
48
45
44
42
41
41
41
40
38
38
37
38
41
42
40
39
37
37
37
34
33
33
36
38
37
38
40
42
41
42
43
43
43
42
42
38
36
32
32
30
29
29
27
24
27
22
21
20
19
18
16
18
18
18
17
15
14
12
12
10
10
9
9
8
8
8
8
7
7
7
7
8
8
7
7
7
7
7
7
7
7
7
7
7
7
7
7
6
7
6
7
7
7
7
7
7
7
7
7
7
7
7
7
7
7
7
8
8
8
8
9
9
9
12
12
10
10
17
21
21
24
28
29
31
34
36
38
41
42
42
40
41
42
42
40
38
37
40
37
37
38
38
40
42
43
45
45
49
49
49
52
56
60
62
67
72
76
80
86
90
97
104
109
114
117
123
127
135
144
149
157
163
171
180
188
197
204
213
218
221
223
235
243
246
252
257
262
265
267
272
276
281
283
288
289
293
293
293
296
297
300
301
303
307
307
307
309
308
308
308
307
306
301
297
291
283
273
264
249
220
210
225
255
291
328
364
396
428
452
475
494
506
519
531
538
547
556
561
567
568
566
554
532
502
460
396
336
288
256
236
226
224
224
228
225
228
233
235
237
238
240
240
240
242
246
249
255
262
272
279
289
301
312
327
343
360
376
387
399
413
429
441
452
464
475
488
494
502
507
513
519
522
525
528
531
531
529
526
526
517
507
494
476
457
436
412
389
367
342
328
315
301
291
282
273
264
261
256
248
244
242
237
234
233
234
233
230
229
223
218
217
217
216
217
217
223
220
217
216
210
207
205
200
198
195
187
182
177
170
163
159
151
147
144
142
128
122
116
112
106
99
96
93
90
86
78
77
67
57
51
51
48
45
41
37
33
30
28
24
21
20
18
16
17
15
14
13
12
10
10
9
9
8
8
8
8
7
